10000
9393;1013
5873;3630
279;4331
5195;9022
8426;4001
9824;2668
1921;1291
5316;3381
4709;7207
646;4993
2926;5365
699;7991
8976;6878
3116;5148
4255;3372
1485;3648
4385;7358
3631;1017
1689;8826
39;116
9180;6215
2784;1101
7507;4452
834;8568
8011;1480
9913;7289
3198;613
5281;2174
3843;8397
3674;4451
1769;5159
8099;2507
8869;8082
3524;559
6909;3563
7027;2441
9779;6163
3542;3638
615;728
8558;8626
8560;8471
5916;1758
9084;7549
284;9280
5946;3958
3731;4068
5469;8182
6575;4339
6265;99
4898;3174
14;1925
1967;6145
8088;5509
6135;5055
2589;4693
33;1149
3165;5949
2908;8601
9850;3192
7881;5797
3503;1612
9865;8972
6147;2792
3311;2412
2891;4561
1938;9257
2838;3905
5403;7278
5766;1538
2333;8355
2584;2367
9504;2101
4668;8764
702;4519
8309;4936
6668;1812
2900;2885
7136;9047
5677;6800
1459;8568
1361;3397
4177;552
3654;9580
7830;9420
7471;6516
7775;55
5235;3632
2156;9903
2396;9210
774;7057
498;3794
5221;3399
6679;2358
8798;2356
5510;6610
7276;6871
6359;1454
3775;14
7386;1606
9434;1209
4474;3562
1264;9709
7194;9772
5964;5942
5335;6739
3000;5833
6885;4573
5584;3565
6931;4383
2273;2441
993;9550
5665;3704
7356;5792
3718;1094
7398;3153
2304;1872
3067;3568
7933;261
9693;3898
6203;5028
6989;5555
861;3874
129;2798
7439;3412
7181;6065
2206;4526
5615;4223
4582;9323
15;8301
417;3766
7806;2721
1990;873
2642;9924
1134;2335
3822;3689
3715;7163
5597;928
1037;5726
3726;4829
5490;7259
894;7696
8137;2861
8271;2720
2184;8287
1021;8953
2053;8827
1675;4043
6052;669
319;3538
9356;493
7227;3071
7656;9176
3999;8694
4902;4078
9875;6745
1337;769
793;5827
9982;9065
8547;2166
7352;5920
7471;5757
1099;5498
6152;7151
6167;6472
689;5523
6965;4268
4946;974
3445;5298
6020;4699
9376;5895
1444;7065
3016;2238
2892;2998
7655;7791
1516;1359
3711;8987
7116;4810
4486;9620
1961;7005
6092;9002
2529;9410
3271;3827
384;6716
5477;6404
7767;4853
8651;9212
8271;1667
7802;7515
4665;1809
5307;2533
3168;9018
1520;6636
3829;2358
6256;2142
9364;8701
1145;8245
8111;4416
2072;4847
7484;7550
7603;5251
8755;2606
815;3378
4273;4969
894;5290
6778;6201
7823;9946
1571;5695
6582;1752
8054;9191
3895;7418
7892;1392
5663;2355
5808;4087
3554;9644
1637;1157
1247;6745
115;2063
123;4388
7032;1017
6030;163
3570;205
6461;1494
5900;9396
3246;3954
8587;3493
7724;6479
4885;3387
5186;7045
7475;8740
3041;5464
6249;4289
2209;6364
2704;8685
7104;6088
6054;3134
6251;5977
9691;2713
7471;5591
2109;7069
5898;696
6915;3622
3527;8152
3362;5065
1550;7189
3805;4591
2653;6406
5232;1215
2770;7936
9900;6226
4025;5954
5712;6628
8283;5403
9341;5754
7346;1450
9176;3244
8498;6091
3219;8377
595;6581
3442;2145
3770;3599
3089;2775
5;8321
3990;9127
2610;242
5353;6635
2549;1065
3263;832
6468;8957
2939;3815
6759;2115
3411;1610
4558;6630
9987;5153
9563;9782
3651;9685
3381;6740
2461;9739
1413;2803
8866;4023
9398;572
7010;1947
1637;6626
9131;4458
5583;2070
4625;2342
537;8036
304;5095
1019;292
6601;6934
6426;252
6620;6159
3344;5433
5898;4757
8236;4765
8781;7634
1689;2143
5933;3326
8769;5065
4136;4352
3487;8761
3047;4025
3150;3351
5472;521
9995;8425
7455;6421
8677;427
2581;8373
5860;4831
3131;449
5948;8264
4435;7637
407;6721
964;5529
1786;5100
6233;5273
214;9280
5650;3364
8984;1123
3885;5331
9548;7692
1753;4578
8120;686
9303;332
5517;2434
781;1466
7050;1569
9103;3810
8290;6419
9339;6428
7872;5572
8053;8086
1205;3704
7802;189
1179;1687
5520;7079
5731;3625
8009;3851
663;7313
4184;2533
6099;1317
351;3150
2886;9454
6960;7528
2226;2651
3956;98
8223;2010
4536;5780
2066;2338
5969;3245
377;7842
324;6108
7819;4686
6312;4835
1999;496
7368;8098
8165;7719
7600;7404
3525;912
4932;5751
3563;8889
2201;8139
7251;3089
3919;9317
1779;6241
2562;2156
4083;9238
4617;8254
3924;929
3089;2275
7777;6809
374;5942
4528;7974
9698;8054
5239;4631
157;8802
3520;8711
3293;771
8152;7213
88;9932
3454;9002
2088;3889
4592;3057
8495;4869
3986;7937
7144;8115
4746;7518
410;5627
1845;108
33;7084
4739;190
2238;4611
5253;5532
1734;3406
9097;8174
3338;2551
7176;1778
2792;8121
4836;1287
2990;5174
9224;134
9642;323
4005;52
5950;2202
6512;5983
5638;7604
2525;7876
2215;4131
9760;302
7537;8857
8476;7227
7760;2005
5357;6904
126;6545
4544;9468
8072;120
9602;7714
443;3607
4118;6393
2161;630
8728;7799
8234;1254
2028;6802
5385;1788
3456;9274
6998;8284
2853;1110
289;8210
8015;6767
4756;2559
6235;2828
2679;2190
6894;9475
2149;1012
2220;4311
7994;949
2110;2581
8555;4138
5735;292
2279;9191
5918;5629
7475;8771
3091;4117
3333;1106
7236;8089
17;9824
7269;9049
2014;4163
4876;515
1527;7096
4826;9522
8045;3289
2103;2952
3779;7838
9596;6058
3381;5514
8039;856
637;1131
1325;3971
8589;8562
2060;4959
8386;5682
4008;6752
6197;8884
7267;7725
2332;8446
3599;6730
1735;5702
9682;5514
9892;9279
7925;3273
1145;2316
481;1783
3447;1807
5754;2037
6721;4166
3348;5107
9848;7356
8211;2398
2592;5478
123;4924
3924;74
1654;2011
5776;7689
3878;2020
3320;1803
1645;4465
4119;2126
6248;3919
285;2002
2308;7006
2521;5656
8465;2369
9364;3028
1119;1956
4859;7594
3232;5135
7668;1239
7147;9796
5280;1025
1816;8600
9180;9813
3065;3299
1940;5666
7218;8577
7668;5878
1936;189
1534;6753
8911;898
9782;30
9206;4641
3977;8791
9776;1645
6382;3275
1442;1662
4300;9610
262;9832
9424;9679
3132;7716
5345;6702
6293;9366
2581;4581
9555;467
1335;4818
7718;7469
1201;6924
8462;5178
2067;8238
6823;8449
7866;4617
111;8518
4228;6725
8351;4
6405;7835
7720;1750
4537;365
1116;3470
4947;7024
290;2634
8194;8008
103;9395
1284;8565
925;3352
3155;4101
8153;1021
8718;4617
5892;9298
7694;4243
9302;4099
2078;3374
2202;2967
3740;9670
2790;8687
3046;3080
7673;1241
7440;7776
6988;8724
2693;7914
8428;5848
2015;6582
3222;7085
7551;9114
6384;5245
3357;5686
9345;1787
9061;7899
4754;9153
3921;3896
4192;6968
6976;1865
4561;4416
5993;1549
9493;8686
5815;7921
4534;7830
855;4108
4916;8406
3222;7652
3652;2931
3338;9349
4718;8751
3600;5825
7904;7521
9721;2096
4489;3050
313;5402
3818;6306
6952;3311
4992;2767
1233;5879
6950;2088
9987;8218
6847;3210
5870;499
2493;5560
6200;3564
664;9800
9389;4920
7321;5462
7017;8163
4864;3682
3565;8683
9989;6869
8346;1333
5989;5931
7212;9291
8020;7200
7509;1219
6762;9731
1718;9255
1643;7918
2819;2307
4070;8560
7228;1391
375;597
5906;5239
4279;9472
3922;620
6341;2269
1954;8682
8200;9166
7973;2572
2718;1834
3791;9480
1565;1861
5088;3209
6131;4259
1868;201
9172;9096
7945;9547
6045;3851
4786;325
3323;5061
945;6017
7330;9251
1051;1882
8418;9025
807;7488
859;950
3321;8777
2812;8409
1986;5295
9020;206
1849;8192
9303;9794
7739;5348
3645;8878
2025;3321
3939;9323
5690;1269
8574;6741
9503;3344
2118;310
833;9330
1261;4154
8107;425
8915;6445
2072;4287
6651;3921
8832;2306
67;6571
7655;65
1801;9680
9738;5740
5355;5428
3361;3930
8521;2865
3626;6992
9527;4459
6322;7140
4965;4429
3917;232
874;5990
4520;3877
6263;3352
6184;2683
6275;3839
2748;4429
9871;2486
169;1579
4266;3531
5509;9139
2748;5487
6131;2275
9947;2453
5768;1264
3234;9685
7849;460
2027;8721
4338;4643
8425;522
7326;4700
713;6426
9129;6936
8912;5651
8515;9530
9182;376
5021;8282
5864;7505
6909;2163
9958;2677
3427;9545
2363;7628
5;742
6349;695
5385;4774
1217;2711
5827;8282
9137;1308
5219;4401
6959;3734
283;2493
4111;5305
775;6327
2810;7685
8490;9120
362;8269
8665;9077
5898;5023
9820;2247
5718;1557
7022;3288
4269;9201
1570;9758
509;6789
512;7469
6876;795
6314;987
6100;3442
3666;5262
1127;2156
735;7841
425;5752
3271;2675
775;9443
4923;2846
1000;8297
6134;1621
7498;7704
1380;4359
4494;1892
8180;7722
2687;4495
8709;5140
7937;2375
6754;5416
883;7489
9609;7660
3242;2880
336;369
2323;1611
3215;3324
9908;9349
4945;3758
3406;2677
8117;4252
4569;2650
1974;3609
7145;7035
5101;1434
5762;8207
3202;6645
5697;2811
4305;5291
5692;4641
5660;8015
6252;8876
7691;2512
4577;2637
2622;7983
5314;7092
2235;6236
9742;561
9845;3239
7596;1298
1025;3358
9505;4227
3;1554
7038;661
6845;9082
1654;2506
7098;4259
7734;1141
3123;8663
130;5746
2999;5445
2838;1586
8033;8932
2148;4230
8523;9744
5528;9548
9455;1385
127;5810
2940;7165
6471;9785
2600;4478
8643;6050
8737;2729
7191;8212
7745;7322
3958;744
9119;3148
2330;7152
8432;830
7734;6955
6927;3262
2855;6382
999;2982
2192;3939
6500;5016
77;9100
5846;5072
5150;935
4154;2341
9147;1899
6015;9458
2643;5134
2606;1325
8638;7391
8508;6372
4346;5435
5986;7202
1817;6986
184;361
7277;3036
1729;7354
2136;7575
8779;7286
8510;2933
5980;7658
4832;1995
7116;3827
7130;6074
1504;2120
3465;12
8493;4164
1799;831
1366;9968
7817;7902
330;1447
939;8411
5153;9427
5987;3932
6714;849
3217;2694
4859;4401
4689;1975
4580;8171
4402;6085
292;4219
2449;5137
8383;601
5968;9749
569;138
4004;7251
1585;1295
5663;6738
722;1650
7023;3788
8851;240
6482;3711
4642;7524
5686;9222
2047;6440
1659;8691
660;461
3828;9043
1062;6149
5145;1631
6287;5501
8883;7872
6796;898
962;3870
8900;7985
7659;7751
8226;493
1462;9220
4369;3501
8442;2769
9941;6454
1460;6953
6915;1641
5997;7977
7790;7494
5960;4077
2995;1195
8301;6143
2093;9263
13;993
7249;4024
5097;1827
870;6559
1047;5239
60;9489
8008;2
2295;9469
6955;9210
7462;9304
3539;5252
6798;9500
9329;6145
7047;3982
2288;5493
3245;8654
2838;6846
9030;7935
8673;9900
4495;9720
5140;4555
5562;9500
909;7857
5321;4217
3420;2783
9873;6959
8035;3024
2811;3716
9169;6211
7698;7810
1704;7296
2816;894
4142;1846
8830;2816
8099;9677
8888;9591
584;802
9091;7846
5012;4413
2063;4784
3548;8288
1743;7936
1312;907
1652;6834
7118;5703
996;8822
2999;164
9716;7141
8362;4898
6309;6461
4575;1550
6052;5160
8704;1496
9358;68
2261;1421
4852;5809
6061;6596
3745;3726
7503;1750
6912;4621
7453;7908
9795;452
4424;5863
3945;2786
7114;6607
5600;1689
4509;1652
3201;3213
9500;2559
3282;1761
332;8134
7571;2746
1082;7668
6472;8585
9418;3384
9558;3223
7644;5705
27;2068
7921;325
1206;5035
6932;6806
6724;1441
4811;6278
1006;4311
5189;4288
2425;1874
8775;6348
4620;9857
4016;1092
4795;9787
828;4353
3010;4824
6411;9390
3244;4332
9715;4450
9367;2999
7609;2443
4440;8772
8721;1798
9435;263
6087;1860
2137;1214
8208;6757
1071;8577
4201;5866
8364;1381
6572;7726
6205;2983
3468;9449
7315;3183
3899;3034
6182;7860
5477;6974
6632;551
8773;6068
7166;4860
7928;9303
6074;2489
2412;3497
1066;6613
5716;5782
7994;2288
9860;551
1623;3329
0;5290
6512;251
8324;9047
8112;153
6021;1096
704;4794
7164;7870
6006;1445
3525;8432
286;5937
8282;7704
8902;3998
3486;3248
6286;9698
3799;4261
3027;3799
9551;5892
4051;7875
1291;8515
8028;7312
9611;5085
8459;3128
9307;817
925;9185
5602;7563
5122;3884
5267;377
4234;8753
9977;520
8451;3777
4781;7831
3928;684
3723;4331
8559;5014
2846;2939
8678;8810
4376;3489
8290;36
4307;5567
9221;6261
3130;695
145;8397
7424;731
3502;7402
1251;8305
1179;2384
6136;5107
3068;6211
5791;7979
7577;4989
7270;2608
151;1647
6097;4793
8035;6756
360;7256
3017;9842
4303;9514
4591;1728
245;4445
9130;7848
2751;309
6584;5239
1768;6004
7803;3911
3983;5380
8901;7606
4340;9052
5605;438
3846;3640
7194;558
7248;212
6753;1551
6078;1344
3279;6324
2142;2409
524;4893
9070;7109
6484;7191
3113;4287
1102;3449
6020;3
1055;360
5408;6660
7150;5606
6652;4345
6164;3900
909;9269
5451;6987
614;8731
9663;9108
7492;6540
353;6563
3649;6837
106;3114
7477;1208
6563;9849
7564;3970
209;9324
6982;3712
4930;3634
8057;7446
3886;5318
6716;9338
8657;3682
4421;4673
2790;8265
1213;3143
1180;4862
6332;1286
7976;3809
8847;892
3658;2763
1214;220
2087;8197
3932;7017
8183;8341
815;2070
3659;7531
7760;8668
7565;8533
3341;355
6798;4554
9850;7979
5768;6183
5617;97
6344;816
989;6355
3579;2203
2927;5666
6752;3211
9035;4936
1552;6203
3358;1563
3734;1118
231;7652
6003;9925
4359;2801
4479;4210
7132;248
6745;9102
345;9441
9918;7686
5796;3498
6241;5075
5516;2994
8286;904
4282;6190
7107;3992
7753;7193
1462;4337
4845;7465
4262;9205
266;5093
9767;3751
5341;2864
9205;2038
2305;9123
9724;4454
8973;5966
5881;4490
5312;4168
5394;5946
358;8853
9938;4464
6046;1400
5153;892
8865;5767
6449;5483
860;2568
5586;6202
5432;4791
8240;4089
3915;4317
4895;9240
283;777
3730;1947
4945;5476
7893;1655
4329;7831
2471;6728
5583;7624
7620;4448
3391;421
6283;4252
2989;1870
6806;8421
6661;1398
8862;6928
5715;3758
6169;2350
887;6251
4297;2184
8080;2190
3839;8761
6373;6311
5489;1956
287;3109
2756;3679
9882;9040
4283;2871
910;7441
7644;7571
8839;6507
852;4555
6617;7021
3257;7504
3272;7555
9688;1352
6097;9879
114;8823
2542;1955
779;2830
1417;9888
2861;1299
8928;3496
4171;9838
937;1815
3761;9776
4674;965
683;1291
7986;3941
5147;7611
7848;1187
5315;297
7419;5429
9120;9961
3737;6252
9143;5154
6140;8356
6453;5068
1852;6976
1258;2789
8792;1371
8918;9818
2337;9601
7462;6675
9894;2609
4286;7742
149;9602
4392;7568
1383;3512
3881;5120
6116;3025
6626;2256
1381;3080
3676;9586
56;1286
2375;5200
9010;7645
1371;1347
7247;8833
4374;3493
1442;8661
7588;7943
4615;1980
5511;2350
1844;9393
7471;7961
8770;4097
217;151
3529;246
9737;9938
1532;8465
1490;542
6110;2861
8241;9709
1694;2616
9555;9489
7629;7143
3784;8596
9123;9296
946;967
5041;4769
5280;163
5219;5498
314;8748
2096;6404
5038;3628
1221;6529
523;3683
5742;8764
9745;3789
7732;9300
3278;1713
6443;7062
309;1918
2710;7608
9237;4103
2377;4518
4266;7596
6368;933
2697;8464
3689;7735
2092;4910
616;8967
4945;2711
7732;4690
6500;1816
3990;6130
9882;6785
9544;6543
8703;8607
4151;4293
2710;2881
5163;3329
477;1531
4262;9526
9995;7951
7262;8439
9213;4230
3759;510
6941;1491
5201;9793
9659;5543
5923;9541
2329;5468
2437;7384
4075;6588
1677;6785
9469;3192
6466;6299
4723;728
5825;1070
5031;9439
5862;596
3670;9621
1107;6963
7464;6308
6757;3475
8203;2680
9369;532
4500;1806
7917;8575
4746;5946
1713;4216
9139;8179
6867;214
5260;2692
7637;6643
8484;3499
7240;2154
9472;4699
5469;6936
7359;2226
6763;5562
1259;6132
6095;5759
7938;364
687;2685
2662;2400
3253;8153
6931;6472
4720;2191
9164;2357
8835;7648
5856;2427
6154;1680
7126;7976
4968;4485
202;1731
6399;7813
7864;2494
9925;2154
9210;612
1191;8225
9364;796
6378;6295
7268;1098
4839;2785
9807;26
6785;2015
8805;2940
3695;2283
916;8663
3120;7470
395;9519
1636;4611
8366;1561
3117;7576
8525;4309
2153;7889
5105;8532
536;8726
5982;1727
1511;5790
8105;8296
7805;6910
7588;7853
9193;4856
6516;2313
8679;3263
1833;315
7874;199
8228;992
4127;6753
1653;6281
994;3110
1165;1530
1836;7147
9610;3347
9289;7715
7996;3447
4626;1936
1300;3819
6793;4168
2485;5472
7432;4318
2139;1658
869;6719
9002;1348
3472;7007
7629;818
118;8794
2348;1954
2294;8310
1654;7935
6026;6002
7734;652
7938;9034
823;1083
3203;9660
2907;6987
330;5046
4997;1199
1765;4000
2548;1589
1007;6529
2407;1125
1676;1108
9432;322
9418;7438
8257;1796
3440;5992
2448;7730
1378;9624
8814;933
9284;1721
7920;9615
3120;2918
7166;1237
3270;6066
9179;4277
2596;7938
1755;4272
5398;7539
4594;4817
4977;9203
2965;4769
1547;1766
8851;2926
1390;4017
3859;7026
2091;8132
2993;1563
7402;160
9152;672
2578;8331
1301;5174
6270;9408
5798;1668
6947;6744
2837;8276
5948;2155
9397;7495
3921;4601
6773;1663
8618;633
8689;709
5117;8035
8624;2519
8195;7777
9543;773
6108;7196
2300;8730
6605;8098
6751;9904
1195;5940
4533;7143
8095;3930
990;2016
4883;7764
3679;3502
4749;8721
563;6218
6756;9188
8737;1303
3317;4632
8428;9425
1828;728
4508;8433
5179;1259
4690;6374
3551;9223
9869;1647
9505;7211
15;4389
1327;3695
4243;6076
8768;1158
8646;5524
6698;7383
6827;15
8367;5255
5793;196
2336;301
4981;7515
7912;9671
241;1463
8894;110
9462;8400
3673;9478
9141;5001
9525;3384
7429;8293
4542;6076
169;1241
9811;6996
1256;8179
8603;7049
8375;939
3702;3356
4806;1614
9380;5047
9430;8274
1509;8892
3026;5183
8370;2167
184;4247
1903;7613
2540;6446
41;2709
4039;9853
6057;5295
8032;1013
8697;2759
1952;2399
2467;3111
366;1847
8158;9796
6474;9668
8688;9500
1203;3411
8020;7739
7658;9923
5352;6551
2721;1746
5612;6760
1599;1670
8408;5983
9035;7105
5094;987
5856;7561
4098;6222
9409;8609
6018;2235
4629;1059
8087;5832
4470;6107
3571;2128
2383;5275
5031;5104
7021;644
8217;4972
8666;6625
7307;7701
82;2401
5040;5938
9963;9139
8513;5724
4100;883
7959;8729
1942;6046
4561;2764
8506;4484
1245;7241
6111;6276
2345;3133
6920;562
4457;5586
3539;1765
9639;3621
4166;4680
5912;481
171;4425
6205;4271
1660;516
9352;3603
2915;265
6367;7773
4749;7612
5014;860
241;3711
345;7161
626;1155
9100;4165
2920;8739
7787;3438
9771;51
272;9942
828;6477
565;2488
3346;9917
6091;2613
182;8811
386;4931
2775;1752
2144;3016
5463;8841
6530;6089
9996;1982
255;9268
721;4394
9059;6845
797;9331
6787;1625
2160;3705
4113;5506
3622;6557
4471;3805
1720;4857
5088;4495
6609;3584
3864;8425
2426;6746
4514;8774
8728;1121
4395;5801
5515;3454
2646;6312
2785;5786
7937;1297
9491;8403
3156;3113
4960;7627
3270;6680
8837;8359
7527;1798
1943;7743
223;721
4489;4738
9496;3217
5859;3891
5371;7727
3697;8017
391;2834
3803;4681
4131;3294
3084;3639
2760;4396
1267;6030
1076;104
741;4955
1902;9037
2699;2126
9758;7188
3216;5606
6758;9075
5849;2129
3154;9546
6498;3546
8732;302
8227;9216
9948;7663
2855;9060
2059;4122
5091;9487
578;2184
4442;8833
1221;7141
959;980
682;527
2938;3792
9602;8788
2273;2757
4686;8771
2655;9771
5425;7234
8987;1726
4897;1842
786;3308
5965;2229
2795;2895
4414;7237
1728;5635
731;9039
2967;7765
9566;2258
7909;5521
1046;182
4630;2084
8953;7285
1855;731
4519;842
2457;5768
9037;9595
9076;1354
8177;8223
4249;2591
1812;5978
4578;8895
1369;3898
6660;936
6156;4569
6457;3554
1103;1087
1990;6409
4724;198
7140;9243
1040;5949
1363;6429
5544;6791
7783;3721
5014;2033
2664;6826
4363;3595
5722;5732
7493;8734
6668;1
9656;9477
3555;759
6916;5545
7168;1640
5743;660
7235;3136
6609;8598
9565;8506
5389;3701
8579;6755
5734;1244
9934;6449
1191;2008
2181;8684
742;5202
8685;398
4679;8592
7510;7948
489;4678
9588;2585
5339;6824
2073;8300
1774;7990
6806;7164
1691;5386
271;3777
2982;205
226;4173
2213;2408
2857;9308
3962;7894
6058;4993
2838;3568
2941;3327
4599;2530
2264;9938
5706;4337
4590;7480
2328;1397
4644;371
3135;1268
4149;6117
1473;4375
290;3687
3135;9499
9347;7097
3745;5405
2091;6583
8974;1384
6262;3573
3914;8527
9863;9620
9216;4453
3453;7896
2202;4449
8268;5337
5717;2417
1454;7191
3144;8096
7230;6280
7595;6577
3377;1340
1982;1820
4275;7308
3205;6890
881;3471
1769;7096
9444;985
7902;2897
8882;104
7346;3502
5442;3064
5919;3248
6607;5415
1345;189
1695;5292
6766;1425
2985;5100
3245;7260
2409;6450
502;9642
6274;2271
6739;5718
9609;4641
8615;8491
4745;5961
8345;6539
5377;616
9788;1984
6031;7485
2173;7727
2777;5291
9152;5762
392;8749
9375;9153
1552;9877
8795;7826
2149;1886
3544;1758
2879;8511
6601;3977
4472;1298
516;6202
1914;6656
4538;7945
4141;6712
2024;3271
8355;7528
5385;5099
6278;4760
4252;7830
990;9400
2008;3139
7638;5552
1249;518
4063;4202
4495;4887
5500;1363
7441;3766
8020;1980
8063;8513
5044;88
8136;3399
3968;3522
4851;246
8282;5455
4428;9272
4855;6436
8763;8846
8340;6364
9364;8755
566;3859
9995;2418
1574;7436
6184;9594
9416;4248
4460;4460
688;2596
4212;4656
6118;9063
1255;753
4518;5683
6377;5726
8472;1493
4572;6812
7857;288
1920;4776
499;1915
7194;2073
9351;9731
1668;8768
3979;2480
9580;4667
5076;144
5675;7547
5559;6930
4652;6430
8966;1029
2156;7438
2522;3080
602;380
9720;2522
5156;219
4437;8702
2292;3789
8433;312
8909;8764
2792;4841
9783;4221
1338;5459
8120;6897
2389;2772
3327;1355
3801;1835
5145;2676
1267;5748
9408;987
8270;916
1206;9060
9618;9851
2849;4404
6515;8110
3168;5660
9303;2952
9881;641
4763;4353
7539;3504
7125;7218
1212;7278
5406;6357
9954;6673
2105;9362
7661;6728
278;5219
5788;6249
1422;4989
653;7938
9451;173
3598;8754
3125;9831
5748;4240
4184;9639
7745;7661
6857;8957
4939;2263
1666;4894
5289;124
608;9302
6852;7239
4521;8992
3488;2296
333;4141
234;6136
666;184
4890;3792
15;6990
4384;551
6629;2129
8212;3487
7438;3151
2102;9105
4397;3743
9229;5006
3045;2433
2245;3919
7777;2085
6215;8110
2578;2801
4246;3244
2985;5488
3388;9352
2479;7773
9903;9108
9902;4467
8947;3693
7618;7402
2798;8368
1145;8379
9726;543
812;8323
4462;8589
408;7029
3051;2986
9830;7297
2582;9167
9137;5971
8519;1616
3744;4774
7077;9998
9241;6024
3691;3211
9778;2841
1579;7276
1220;7657
7819;8384
5980;8633
6973;2740
5662;24
5726;1844
3673;4661
7363;2811
632;5882
4427;728
7008;1504
7078;6249
3881;7122
5812;11
9963;7392
7287;7536
5049;5106
5920;7382
91;2894
122;2105
9270;2201
3949;2944
6862;1312
5755;3846
3546;6534
4574;6906
8039;1652
3155;8272
8774;8968
8283;5090
2712;1923
2626;4113
3381;8546
1495;3473
1440;1618
5578;711
3819;5880
7;7033
3544;5762
879;7091
2296;5453
349;6687
3457;3505
1311;2232
8825;5947
7322;7889
7870;9948
8354;1251
4846;9850
1076;2639
7820;6655
3350;7991
8887;3357
5024;2431
5471;2255
5874;4119
7708;6224
807;7517
6081;2118
9749;1258
8065;3423
9147;2287
9723;3853
9891;922
3703;967
3561;7875
3974;6911
5866;2861
6620;7242
1645;8443
9497;3871
2562;3557
95;9721
1075;2528
1840;7176
3786;6257
6952;9285
4897;3027
3139;4788
3949;3194
2107;7510
1070;6082
773;3288
5295;3745
6883;3292
2188;6380
7164;1103
6290;7259
824;3717
9788;9016
893;9926
5274;4197
9212;6523
7225;8703
1311;7526
1897;3418
5037;9319
5852;2162
2608;1148
5908;9491
4440;4448
2223;7956
5551;8513
5216;2728
8582;1356
1744;9476
1282;3370
25;6846
9893;7250
5549;7556
1129;3799
975;6166
3118;6827
8328;2078
4327;588
1569;5120
5037;145
3076;6940
5010;4644
9668;3593
6000;1413
9421;3635
1135;9446
6833;1029
3049;2383
8585;4178
6182;5912
6696;5652
2740;1376
7731;3419
1965;5652
4891;7002
5797;4320
294;808
8964;9963
753;1317
7728;174
1304;8863
9620;8137
6244;9021
6872;4830
3199;9406
742;9895
5059;9834
1272;2790
9606;9589
4794;4497
2943;592
8817;3237
7752;4134
9552;8505
1803;7280
5031;3107
2496;4651
1244;8740
3673;4469
9922;3224
3875;665
9472;5286
6851;7096
4428;2809
6685;9223
7307;5980
9815;2476
9217;3919
2962;5122
8776;4765
8754;3807
7872;1250
8458;5469
6343;8483
9938;6265
8060;165
3282;3884
5452;134
7332;9880
2943;4017
9103;6602
6349;5270
5431;1918
5541;8393
7040;4317
3159;5795
8124;7383
3397;2935
9204;9740
7770;5494
2358;2182
5660;5640
6066;7464
2126;3398
7344;5070
3767;2800
8024;116
4422;3455
8387;9964
8201;5427
4281;7712
7574;2406
1447;972
1693;652
7064;9463
2498;9422
1646;4510
1415;4064
1974;3541
7463;5671
4963;7582
8471;2988
4051;2893
2795;2438
2857;7348
7865;7139
5060;1792
5897;2860
9116;3942
3512;2532
3405;2362
1955;1403
6873;3370
1820;8847
3263;5635
4518;8227
3217;9341
1215;3620
2235;362
6058;5092
7711;276
8583;9123
2068;832
1983;7536
4774;1847
68;4532
4210;2023
2287;7435
1745;4107
6282;5009
6094;7153
9588;5664
6494;7155
9284;5081
7517;5343
6526;1580
5619;1461
704;4039
2294;9039
1575;3420
7239;1643
4304;7801
19;2944
5236;8116
3403;7870
3125;9498
1375;9065
5162;4222
6220;4446
9303;3738
9789;5829
1670;1760
7291;2374
5799;5937
7766;3726
9357;1357
5370;14
9158;5389
2958;746
3505;6361
8616;2983
5859;6344
2048;1021
566;8269
1820;9869
8359;7961
5699;29
9722;9342
8756;1873
5279;6522
5600;4636
7879;970
1002;3389
2711;3960
4135;6216
322;9103
5551;2533
5447;7600
9907;6013
2221;1727
5883;580
9688;7934
6961;9410
7276;5717
1284;2555
8591;6884
3543;2822
4206;4546
6211;6917
8506;6698
9485;5180
5802;5037
7714;1249
8989;7621
3615;7562
5700;5850
4494;5388
3784;1455
1151;7412
7173;8787
9967;2116
2023;9862
4939;6229
760;7502
9498;5619
553;8983
799;6355
372;4865
3956;9361
8838;3923
6923;4538
9773;7769
6279;9909
9225;3782
7321;2750
2569;3640
4866;944
3503;6157
3525;615
12;3023
6234;565
8358;3386
6920;8731
8251;7228
4444;7090
1152;7720
7980;925
5489;611
835;4714
4393;4508
7464;3314
8149;8683
4258;8004
4840;7783
8619;4852
7158;1206
5417;5517
4592;8689
4248;2843
2270;8692
6285;3422
6412;4266
699;8254
4877;7886
2968;5623
2395;6785
8937;6896
5468;3196
1252;6660
7331;6223
1513;4490
7429;3282
7;2021
8324;607
1217;594
5651;7502
4016;8416
8120;1067
6670;9350
8954;5990
4973;7701
2775;262
4597;4595
3458;5849
1256;7142
2072;9121
1632;9502
2403;7991
7875;7079
4950;9092
7673;6953
2947;8041
5369;1067
9109;8391
6769;8063
4382;1742
5764;3509
2005;6713
8105;1815
2562;5713
8957;986
4834;6941
6840;3589
1284;4716
669;2586
160;8342
9540;3107
2736;1261
4175;1845
9653;944
6260;387
9039;2024
248;7396
5089;4705
5563;4003
418;873
4989;5252
4166;8182
5194;5451
2898;5863
4389;9410
557;3929
2518;3293
1543;3045
5138;7548
341;1398
4287;5732
9774;4535
3128;4863
9241;8692
8866;6011
5917;208
7616;83
8390;2810
1886;7640
8673;6276
7050;9230
6557;5920
8876;8100
8965;4014
5648;5659
1765;6287
1391;1539
823;872
2755;6416
5916;7973
2427;1833
8181;43
1916;6571
2853;155
563;7878
6431;7614
3461;9340
9886;2337
3793;8852
2703;5793
863;4468
2081;2254
2360;2904
9478;5115
5672;5394
3088;8099
7227;1270
4495;5496
4193;7348
2003;4757
1579;8434
8723;5040
4126;8609
3729;7919
3813;6432
3713;4676
901;2146
3283;3261
5050;2761
4728;722
8156;4168
5173;1735
1790;9668
3583;2336
3369;5586
7093;4948
372;5816
6340;4499
777;69
8770;4591
6501;8835
5619;3754
981;8902
3367;2383
1664;4447
3105;6172
8616;4631
4259;6758
4299;7843
9094;4020
3429;6187
5320;154
8355;1660
1005;9133
8081;9775
76;935
8611;5695
4689;5944
4598;4409
8328;2614
8856;1433
8786;3824
2416;3045
583;3068
7240;9677
7088;7022
5865;2409
7176;572
421;8181
6057;4855
4308;6133
5790;9271
8181;6831
5216;9131
1240;3544
1745;97
1329;6883
3921;3746
6280;4504
6814;3521
4182;254
543;6399
2663;4071
3323;9437
2252;9381
4292;2912
1866;82
2184;47
3265;7400
9178;4506
7296;7275
955;8625
4158;4876
8723;439
5733;5537
312;6267
5792;7207
9018;4807
1278;2341
596;9882
1722;4888
2794;3589
1322;1330
9988;4588
5082;9167
5446;2378
2794;6401
1004;6953
7629;9727
3744;3362
1617;408
5981;3761
7615;4999
8568;5245
7341;9165
1479;9063
405;4273
9004;8080
1956;5345
9020;7038
864;4466
9417;3658
867;6773
611;8496
2852;707
8211;4469
1115;4192
8230;5082
5544;3151
327;2885
8668;1806
8300;5425
2432;3657
3505;740
9002;8877
7778;9866
3343;3547
3524;562
320;488
5411;3173
7547;3622
3994;5015
4166;2225
97;9710
1728;6777
2595;6748
4935;7248
2173;7367
905;2031
4459;9907
908;2238
9773;4252
5785;9649
4814;2458
137;6577
1983;4037
199;5977
9052;718
8202;9149
428;6282
5926;9376
3030;7214
6624;5204
933;3881
3587;5393
3788;4495
7631;9913
5099;9768
9562;6266
8578;6052
2843;561
89;9395
6539;9141
113;1093
4642;6893
7376;6921
2621;6758
4135;9245
8314;5068
9478;1901
461;3266
2749;4444
3179;7848
565;9094
4114;9143
5146;3310
6057;5235
2705;2596
728;9170
41;5370
6063;3769
2291;8685
528;6426
4282;5194
1495;3761
3448;1956
3379;6197
2753;6559
397;3318
5653;864
2461;7151
4174;4870
2386;3231
7466;3114
2401;3860
4836;8464
7629;7128
3501;4509
9906;4136
9704;1401
7897;3152
9710;7628
9349;2463
4187;9746
5781;6192
6962;4594
3343;1136
5817;2081
4367;3283
1547;6768
7143;6384
1585;1125
9864;1438
5634;9770
5574;5338
7524;9823
4842;7234
7452;543
6049;7991
6642;8182
4184;3604
9128;3879
4741;4945
2313;5460
4581;3860
8581;1724
6596;166
9201;6460
7956;4836
2583;3531
6526;107
9706;1369
7341;7158
1912;3390
5150;8554
7924;5686
2159;7052
5917;6900
1998;8230
8712;6579
8443;7293
4655;5039
3811;3857
7852;1768
8693;435
5299;5219
542;5005
2940;4235
8516;4853
3977;18
3407;1901
2056;1918
8953;7973
5170;951
2556;3883
3882;999
1176;8538
2390;4988
8747;242
6756;3792
677;8407
5363;7571
9764;8304
8158;4632
3157;2135
4650;2916
4036;6706
4835;9342
1032;5
6645;9940
3888;528
939;1417
5418;3329
2757;4165
9924;9513
4309;601
4272;9672
4525;4036
7976;2683
8669;7485
1171;9671
402;5207
2730;1589
901;114
7946;7547
54;8187
4427;7345
9604;6197
674;2361
6714;598
8226;1023
7552;2498
695;8429
2886;5024
7464;1555
2509;8635
7579;9263
195;309
852;1096
423;8799
4995;477
3338;5774
7822;2942
1971;4848
1655;5037
1799;9881
6060;5703
2379;3108
4132;5265
8132;7948
3173;6993
6584;752
6257;6779
7413;3461
4227;7836
8612;9223
4665;1950
1349;2487
4892;3321
3687;2899
8358;5486
2780;771
7541;1511
3879;8025
3129;2011
5974;2654
9004;2558
3406;1613
5689;7171
5075;9916
5007;3687
9139;9672
1990;489
8511;3234
162;2198
6134;4872
4037;8914
5643;1578
6778;9522
9604;9907
7885;5578
2561;3242
4488;2319
4855;177
9490;9930
93;849
9970;5585
6873;1960
2426;5384
5194;2588
3934;1328
3812;7971
6595;9456
9550;3373
5330;5506
9632;3216
7436;2193
2810;1924
864;7665
2101;6706
3948;8546
7555;3918
4131;4428
2230;6557
9812;3776
5497;3746
1457;9310
8070;8052
5118;3972
7777;448
9478;7409
16;6914
5954;9178
5190;6818
6844;3643
3524;792
2189;1079
1062;6321
1859;9644
9230;8023
3420;4728
1769;4877
390;6191
9281;5508
163;7058
2308;5993
819;8677
9259;6773
4207;4449
3591;1051
8092;3467
8195;282
898;5609
2955;2757
5253;2185
780;5026
3265;8902
6255;3655
1445;5537
5515;1609
8947;4176
7602;9767
9205;3214
2892;3412
7663;2836
816;2108
6303;9011
8742;3554
973;1697
6311;2578
234;3444
7604;3500
8698;3860
3507;143
5749;5375
1752;1048
5903;5707
7167;1460
5273;60
1224;2936
9248;2040
1396;5551
7404;138
5457;8377
8187;8121
955;8422
1565;4912
8274;263
5124;1781
6758;873
3508;4863
1921;9411
570;5441
871;5843
5501;2096
5131;4749
488;2880
6652;4244
3018;8462
2621;1206
6583;9929
5980;8148
1193;4254
4763;6317
2387;1521
3542;5896
2736;5463
1659;3306
904;8883
5501;2757
7331;6985
3858;7819
9865;6863
2064;9235
5325;1037
6793;1908
7318;9125
6408;8511
3379;1171
1180;5767
9044;4722
8015;1781
186;9674
1439;7442
8557;3293
6552;5888
6630;410
60;2847
3625;2124
8434;8950
9513;5228
858;6832
4353;7266
1695;4085
4789;2876
6204;186
7598;4219
8319;4136
245;6110
7931;8803
9403;4483
1043;2385
1245;1103
5232;1223
9579;19
173;5445
5247;7384
2277;5952
1002;324
6389;5792
9552;2593
2330;7151
3164;649
7639;9762
6759;5570
8565;2515
6405;5960
1252;4003
3416;6485
5226;2995
2856;5399
4792;4455
9135;7069
407;138
3746;3149
2282;3298
2094;4612
6801;5259
1613;4441
5021;4724
6363;9938
3591;9121
2250;4844
3124;5666
7681;8350
5014;537
101;9806
4992;9237
3228;1751
5727;3326
4900;8009
6624;6995
8973;9778
8606;586
4219;9979
1662;6934
6269;5254
6055;4871
98;9179
538;7779
3881;1904
4668;335
8062;9660
5924;1290
1411;1651
4616;2664
9660;7593
6011;8633
7371;969
5571;7942
7300;7233
1228;3569
8839;7284
8440;8937
2815;5330
3068;6697
3586;7736
3384;1649
3748;9308
2939;5160
7311;3908
4176;6971
7853;187
1956;1576
7508;3879
9518;4808
7464;746
8377;6304
4382;3169
1593;7198
4852;4662
247;8438
8750;9983
87;2499
9291;9379
4011;6602
9639;8187
9925;7492
4726;8233
9068;2234
2112;4938
7042;5928
2036;5419
2232;6419
4940;3826
9969;9792
4840;6568
8231;3590
6551;8318
6089;5842
4049;100
8796;3688
4639;5073
7532;9365
3306;6600
1599;1770
7890;8641
7698;6279
412;6283
9050;1705
6461;9019
1497;1301
5587;6080
1243;8490
751;7333
684;4800
3785;9480
4841;4777
905;2373
4142;563
8974;2094
2333;3216
7087;6383
9495;3852
9018;8545
5557;5479
3916;3406
6780;5855
9487;8024
4345;6590
1709;1381
7742;1846
861;2583
6623;8118
4957;7118
8681;283
5564;1014
3499;2651
3750;9347
2855;2768
4244;8412
8248;4513
8171;1380
368;4010
5756;1066
600;7465
2447;8342
5664;9661
926;8639
7779;2235
5757;2813
2518;7673
179;2369
325;3929
8068;3180
3050;2313
7945;7650
3178;6116
9030;3546
126;4787
964;7078
8604;9764
5420;4268
5777;2698
2908;3556
4933;5017
2721;3803
2691;2901
6173;9368
6830;593
8900;6232
9258;6845
3882;2436
9313;2913
2335;5791
4052;3299
2869;2656
9415;8290
3277;5192
7340;2537
5101;2274
7554;7822
2429;6597
723;4954
2317;3906
5548;7570
138;4806
4415;4021
7243;81
3286;9578
5872;7338
9229;8742
6346;8645
3384;9623
189;724
2160;5290
9350;6067
3113;1780
9016;188
6734;1334
4094;8634
8904;4233
3441;9671
4606;7036
6104;7892
2966;1977
5230;2195
7071;1576
7192;455
7552;7382
7531;9712
9024;6882
2131;2137
5014;1148
2326;1748
8834;2772
6735;4090
7005;6528
113;7963
3564;2570
5855;6530
899;7437
5077;7970
5366;8622
4777;2918
6004;2308
8982;5028
9190;7466
3518;4204
8614;2196
2305;3800
4968;9040
4242;8326
5568;707
6289;5484
3277;2145
8366;4176
5934;3443
8498;1300
8417;3275
570;4421
5584;5905
5802;4774
3371;5672
5331;8337
7868;7636
2137;2836
3028;2731
1162;4948
9790;7452
6784;3068
5949;5150
3596;8235
4945;2095
9536;3363
1722;6458
4136;7306
2363;6290
8433;5734
1962;3764
423;9830
7752;2560
2667;7132
1643;181
8432;1434
3985;5216
854;9934
6718;802
4522;8015
2897;410
1378;972
6868;1867
8278;5584
8157;3063
7670;120
6827;8094
6302;931
7006;5321
4415;8650
5503;9199
6436;5840
767;7290
5775;7485
8092;6649
5501;7342
7059;3231
8314;3927
1450;2944
5863;5960
6008;3534
6080;9187
1628;8734
6471;8634
4056;886
3636;5911
6438;6424
1751;7205
3714;3878
4691;8159
527;6544
1853;7586
6127;6519
7866;3930
5815;3729
9890;1823
7263;2322
7363;5243
1056;3834
230;1464
1072;3866
7375;7510
291;9127
4716;357
3005;5759
4868;9885
8655;3073
7471;1134
5944;5337
1416;1760
5419;1306
9935;9034
3628;7298
4278;1037
1132;4508
2501;8557
4726;9877
6067;1369
5356;7135
1727;8361
9246;2947
4598;4253
6021;2070
1740;8317
3759;3156
77;5530
4463;13
4565;4443
7311;8843
5480;4796
9703;7982
3353;4429
4211;5772
5799;9567
9260;3878
4280;4858
3177;8879
5464;5550
7301;7204
3868;7412
360;3945
2943;1175
310;7508
5619;7622
2703;7451
8770;2406
1785;2123
3187;5996
4247;5338
5563;9859
5568;6196
4718;8746
5075;182
4296;2376
3738;8164
6140;4098
8462;9083
1626;8772
2943;3597
2746;1998
1048;1516
756;2834
9991;3944
5182;4239
9282;7098
450;4851
3294;5168
9949;8369
1702;4245
7097;5440
8762;9589
5891;3576
5025;7517
2348;7968
1114;1447
6319;8514
2963;7075
1348;9307
1019;2883
3546;6654
9981;348
7857;3275
1869;7806
7996;3571
8403;1445
5364;3517
1034;1255
7093;6059
8772;5794
380;6238
7241;3051
4752;204
126;2453
9511;7498
5336;9409
504;1669
9758;8361
1296;7979
2519;9292
1550;922
7089;6914
792;4475
4521;7885
6887;9645
3679;3619
5883;920
6670;6988
7477;6796
9441;6988
646;1129
2750;1150
2798;8860
9511;4094
6839;8382
9738;4741
5657;3179
8008;6449
7654;2529
4334;4541
8527;4366
4512;4410
5286;1182
7750;2763
4331;3543
6104;4977
4672;5206
6128;3822
418;1991
4268;7257
374;358
1998;2383
3537;6358
8832;7544
8888;3166
8437;7415
3884;2950
8177;9171
4132;2280
8286;8463
5823;742
9793;6848
5948;5921
670;6366
4264;1291
9975;4638
8001;8326
7021;1539
4684;2205
5435;9924
1724;3872
3691;5608
6822;8221
4779;955
501;9418
5770;6324
160;5563
3172;6109
7836;195
8827;2101
7838;8803
3091;5839
3481;6465
3730;8165
8670;9165
8090;394
3038;8133
2355;6212
6354;3486
3519;6855
2904;9290
9532;3065
1205;9056
5526;9042
9251;705
1143;3441
9508;586
9281;9341
7051;3011
7507;2074
8529;1949
8820;7919
82;1175
4131;2789
4662;7651
9644;7566
3293;5528
6983;4498
4585;8861
3540;3836
9567;1035
3630;5427
7974;2911
4769;5025
2274;2276
3451;7155
577;2272
5074;7011
9799;9206
9800;4461
3209;5797
8380;6502
1325;5363
1000;5910
4225;893
6099;144
8280;6081
5571;6254
8992;340
1280;7618
8968;1083
1126;5897
3355;6200
2909;3155
1758;9061
3968;4967
1210;8700
7821;8888
416;8822
1150;993
6067;3601
1137;4347
9682;6708
602;5026
3401;8234
2645;2369
9317;3771
4619;9025
6323;7528
8532;8082
2941;8852
9401;4152
7553;7223
9392;7969
2397;542
8962;8464
4144;99
2811;3826
3159;9765
8853;6560
7999;7850
5282;3669
7973;9901
2694;648
3781;7578
5082;3074
6430;4484
3578;3983
8059;2970
8304;456
3513;7266
5272;4009
7365;4435
7835;525
4201;3040
3437;8552
7242;8719
2221;1567
4972;1267
2216;8753
8845;7298
1828;1628
8134;1758
1963;6193
4729;268
3001;4594
7534;4625
8603;1252
9061;6438
8129;3262
5831;1566
1814;9425
6638;388
993;1610
1655;9561
6716;6853
3211;4896
4833;7698
6654;6796
243;7735
7064;3245
2329;951
7870;932
8555;6931
3723;6684
6545;9554
4602;4712
5331;1240
5100;2676
9203;3107
2237;2271
6312;1801
7167;7497
9499;173
4294;9742
7909;7710
2987;238
5013;7210
7523;3568
493;1246
252;3391
7152;1207
8103;2483
8799;9555
1512;8002
9014;3749
6625;1679
5550;3792
9176;1401
318;3470
1144;4579
7533;483
4817;2546
4045;8692
2467;4539
9938;9071
4282;3442
278;8737
2278;9078
8292;3790
3432;3658
7539;58
5337;9442
202;4514
7195;6872
4336;8339
1451;8221
5175;2621
7120;9220
1313;9587
111;7604
8658;4393
1046;5289
3130;3324
719;7774
7114;4151
1433;1006
561;6770
6800;7116
7636;3995
3988;1973
2335;5440
194;7510
4413;3666
3082;5726
3253;3194
3330;8264
7587;729
3553;7070
4053;4272
4844;7520
4775;6277
8526;1689
9400;5326
5157;3388
5673;9145
5361;8008
937;1908
1870;5350
5574;4953
7429;5180
4499;7111
3444;8438
7840;3349
5508;8246
7621;353
5766;8748
2982;644
6789;8734
2322;1946
2123;7995
7444;3836
2356;8381
2096;578
84;4023
1883;7513
9203;6382
4624;8999
4821;8817
2348;329
7063;6321
7034;9181
5069;6369
9825;8211
5103;2147
157;3578
6494;7601
3767;8850
2335;5863
5781;2419
6238;7664
6284;1793
4047;908
792;5220
6077;3140
5549;3140
5813;8936
2321;7235
1657;8498
5446;3112
6997;5603
6691;3492
9557;458
8694;1892
2673;4475
4311;8912
2140;6947
705;2539
4207;7850
7759;285
7342;9660
9777;3156
8596;2099
391;6605
6949;5837
9718;3947
7792;6409
7439;3701
3219;6133
5593;5892
6961;6256
1156;9101
3203;8214
7992;7411
6064;5751
4048;3406
1763;3825
6562;360
2276;3305
6965;9226
5494;3035
3173;9639
9444;6964
3340;9015
9449;5286
4908;6410
7894;2416
5511;1098
630;9855
4861;3046
5606;5261
2805;7370
9086;5719
4082;1363
9025;7399
6941;4519
435;6466
510;6231
3430;3851
5247;2879
9137;6507
9290;7031
8923;1153
4481;5906
1009;5694
5304;2967
955;8109
6689;6394
3829;771
7757;2854
4523;1050
3725;1310
7516;4236
7541;946
4439;2788
177;9928
5647;9467
6959;923
6973;7793
6829;4334
9839;8485
7301;7147
6595;343
3541;6776
1114;7650
5982;1989
8700;9707
3299;6216
295;841
3514;1086
9981;3691
1014;5629
9511;4326
6552;2836
8471;9733
3522;8310
4570;823
5457;1165
7518;8998
7941;8633
6648;3923
6974;1700
9983;274
4268;6630
7467;7782
4069;3800
7826;5083
9429;3689
9409;2333
2877;7880
8418;6399
2543;2989
3574;8000
506;1093
3351;4800
9726;6351
5075;3052
8052;1410
3326;2320
4393;793
6455;8462
946;633
3545;375
4322;9307
9061;7199
3539;3831
3598;6082
3172;7172
435;31
8265;3786
4831;4343
6489;6258
7396;4541
7669;7074
3214;2062
4220;6021
6876;5166
6654;421
1893;7328
6080;7306
879;9620
1138;829
2054;4310
4353;2489
4341;8971
2627;5524
9666;9117
1783;3414
10;5804
489;3224
4218;1061
5597;1094
6227;8603
7867;4472
5931;3948
1779;3162
9920;2917
3991;1974
3579;4697
816;4273
3668;9795
6149;3334
5264;7932
3101;5275
88;3590
4851;4306
4651;6801
5400;7230
5404;3268
1702;1336
3568;9833
850;3488
9102;4842
1814;9034
9539;8982
3307;9559
5130;9456
9245;394
3741;2346
2021;181
2288;3225
4488;3291
26;6240
521;5430
5860;8576
3118;9428
4761;3969
9268;3864
5163;7435
2898;1054
6417;2557
613;1547
8365;9858
8294;2106
2205;6667
2288;845
9892;3128
4137;9918
9368;4658
1701;5229
9586;4819
1009;4348
5140;278
8212;303
7713;7462
1357;482
19;8322
8382;8384
8181;3028
6843;6738
9695;5483
7583;9588
4963;1720
5858;4331
2731;3911
5912;8669
5083;6922
3017;223
3552;7581
6879;7617
1395;8236
4451;1414
6559;9185
6151;1092
2213;2994
4182;1909
4829;8117
7849;9792
9838;3707
475;8921
7619;2740
7590;2702
9662;6960
9277;9566
4541;6156
3535;5937
745;7986
3703;7304
7172;9854
4748;5737
9200;8930
7646;381
7047;1847
6525;3237
1907;7001
8510;9526
9741;6101
8580;5755
3061;4209
1673;3954
366;5208
6243;1111
9546;6299
4767;3070
2505;5867
5160;1706
1149;2806
8439;8196
4654;4965
7786;6561
8318;6296
2439;8059
8749;7371
166;8162
7932;8191
8469;8298
3399;1064
5761;9297
7363;6880
8720;9869
2747;3880
7927;3896
3038;2718
8445;4044
7683;2583
6957;6001
5231;5748
412;3981
9471;6930
8495;7404
5121;6964
2054;4872
4381;7816
522;1744
1048;9242
7965;148
9474;2244
4044;2512
4963;8841
6557;8998
1424;9866
5000;3008
5615;1764
6989;5086
8695;1836
8842;168
5153;897
5041;9534
5065;5563
7630;6113
1157;1948
6261;631
4192;6658
9495;5507
1851;2404
4506;9628
2271;9506
2636;4238
7622;5977
5676;2669
7813;4519
2838;2966
5416;4231
8852;6833
6146;6483
9298;7303
8431;1912
4286;8975
8570;133
4483;6773
2538;8989
6401;1161
4847;9037
1751;2469
5014;7427
1491;2828
8298;4329
2146;66
4912;999
6899;1058
3834;6198
4713;2265
8110;5351
7592;3032
5484;2075
9805;4374
7416;6207
1887;2263
1596;3638
1085;6611
7418;2576
5791;5716
6905;7937
5783;1817
5288;9034
9227;9122
1584;3940
7739;9694
9291;1684
9078;1127
3759;5236
5502;1176
1443;7389
9791;9391
1028;876
6002;8446
9804;8145
514;6709
2435;6297
4878;7723
1684;457
3198;3268
4397;7289
9315;40
8973;8393
1168;9085
3629;6670
261;1424
411;6404
816;7791
3633;3170
2589;3437
1316;3104
6499;3751
5753;7729
7826;7437
8187;1024
7058;2584
4666;6373
8977;3639
4766;145
2724;4748
3167;9337
6172;9930
5742;3340
7722;9375
6511;311
9164;7827
9767;5663
7930;1873
3393;5756
5662;1580
3133;2720
516;7799
9093;9493
7790;212
5990;515
4960;9157
9852;7484
5440;1946
825;3162
7673;7336
9825;6838
1515;5945
2501;9445
7818;5894
1553;3480
3826;1038
2553;4343
8837;7998
188;6628
8210;6179
3495;9522
1688;3347
3359;7128
1646;4184
290;9319
7872;6468
6157;5739
2413;8659
5184;6583
905;3089
6415;4732
4128;8968
9075;9317
6967;9263
5945;1529
1794;5792
7404;3483
9140;763
611;786
1299;7254
105;5523
74;2615
1262;8839
7626;2798
5422;8531
2239;1837
9615;6367
806;8690
5685;4125
4306;7982
5654;6100
3775;9410
5935;9267
6525;2899
6405;4176
6505;2862
9699;6579
5477;7313
5418;3103
111;840
7987;2351
9029;7602
5070;9835
2645;7107
312;6951
1442;5967
9403;5217
1729;1691
836;8255
4590;7241
2431;1095
6455;8483
4026;1933
5796;5796
1388;2260
2988;9375
4611;2017
3330;6033
1853;5975
3141;2165
9278;4583
4484;5033
6152;2566
6724;3340
821;7666
6933;9604
8761;3388
8087;9139
1673;3884
4935;3062
6144;7923
8789;7107
9941;2119
9492;8146
8094;8985
6663;7372
3568;7500
8758;6072
66;5482
5764;7239
3149;2697
3195;8262
6086;1283
7402;4111
1519;8689
7173;4015
2965;5963
7474;2906
4434;6966
7404;2529
5952;419
6253;5872
7919;5011
8297;4337
6846;4061
1576;9995
3111;4772
4609;5549
2407;8363
9660;3926
7053;6834
4293;18
9149;1767
9276;3583
8733;3032
2464;4685
3451;5070
558;7723
6433;5207
2060;3279
9268;9989
9626;2379
1113;4236
7928;3520
2599;7589
3798;6004
775;8091
2374;9924
9858;8002
9859;8591
1034;2324
9629;838
3746;6539
8561;179
1746;6973
3459;7366
6962;9437
9746;8075
3673;4026
7947;2625
7967;8097
4981;8742
6188;7356
5018;2398
1710;4878
7342;9097
3554;6971
9935;7300
9862;4848
3831;1608
1821;3642
8974;5136
3080;5072
3211;3105
5451;7511
2082;3418
5608;7064
8513;8149
772;3531
547;2482
4761;7889
1579;8315
1212;7866
1967;1074
2714;5799
2682;888
9441;8009
6024;8873
9433;5587
1979;4884
3098;413
4655;5059
7477;3168
3208;4601
3051;3755
7084;4165
7997;5015
8832;9209
9234;800
284;8300
2951;9318
9188;8744
3679;1564
7618;9465
7152;5949
4349;6602
6362;5356
1661;192
4876;1221
4793;4280
1329;8229
8445;9326
9597;7277
8535;8831
4429;5171
7131;7380
842;2672
2477;4521
588;6447
3986;7740
8748;4688
695;1462
6396;8708
1654;1273
9930;2800
5553;1259
1029;3998
6937;626
7627;1824
5809;2057
6996;9293
5789;4190
8317;8266
8711;8905
4713;9050
2998;9813
90;3693
1276;6486
2401;2930
7759;8683
5730;9664
6294;3112
14;3231
90;7642
5056;5900
9699;8404
5193;1840
2594;3510
107;7657
8767;1172
3059;1765
986;3149
5458;2262
9636;4212
1544;3747
2895;3627
3412;5542
6739;3426
8773;3181
1068;181
9081;7119
4937;626
8960;3883
488;5419
1541;9256
6591;4600
1021;3929
4102;2832
2543;3738
7044;4088
7485;6291
4067;897
1833;7158
676;6959
339;1744
7140;5773
5216;8430
2751;4176
2313;3240
5947;206
8848;8890
4807;6221
2820;5261
9053;1715
8999;6097
2155;2836
8741;6222
3734;574
9732;4410
3885;72
2506;7378
2197;7722
5808;4948
8250;4473
4540;4197
4680;3388
9440;5839
5962;8612
1100;5015
327;99
7465;2483
2935;6206
5057;3021
3132;4790
3783;3370
1214;6290
748;3411
364;6556
4711;4967
1029;9252
5516;2061
8992;4956
7900;4954
3568;9000
6322;3896
5451;3787
2731;4739
6345;7788
7760;5829
2578;7896
9199;144
538;9947
3555;7254
2855;4619
2221;237
3871;7738
2298;9215
9046;199
522;2615
5551;6844
2863;1003
6983;5594
5742;3328
9734;9854
9157;8665
4102;4709
8809;4640
4656;8717
1895;3864
3336;4116
4101;3559
8206;6399
2774;7253
2950;3296
6220;8502
6492;5435
5857;3475
1029;7951
3155;7115
7805;8665
5780;1908
3374;942
2900;8030
9659;4795
1894;2995
5264;2347
6554;3470
8747;5680
7075;8049
8977;3295
2903;1821
5082;8760
5297;2463
6711;8452
9579;869
7117;1711
2777;491
2653;2029
4874;2312
6825;3120
1659;2089
5468;8213
1911;567
3894;8987
8616;9223
8634;7872
1044;69
6632;6341
2532;3344
1146;2111
4213;4615
3823;3342
5107;2828
5371;6333
5141;8548
5805;6800
6989;1273
1366;8901
8192;5260
4240;3161
835;9226
1033;1879
9295;7665
4573;1828
7361;5719
291;7926
6686;466
1268;8145
3295;2992
4478;8436
7892;284
1588;4882
7909;2954
135;6102
4566;727
5615;5401
6305;6648
3633;5601
665;8206
3781;8027
277;424
2305;6963
891;9926
5109;4186
2918;5939
8974;7162
6223;6914
8396;485
9869;8531
2939;787
5610;8554
6189;1916
1554;9822
3869;8571
4380;7650
6598;4657
4426;5256
7972;5317
5182;9433
5855;4452
5373;1181
1614;7948
8096;11
8433;4317
4894;1372
5104;505
6278;1293
2421;4184
7467;6290
2756;8199
292;5706
9208;1070
962;7181
6388;6144
2966;8595
596;8339
9777;2211
6288;7873
8574;1073
2190;9820
8798;3646
325;1428
1292;9098
5613;8759
1740;8369
3311;8384
4075;2519
9455;5038
6052;2195
1182;9019
790;8131
7358;6919
342;9998
1144;5268
7424;9686
5088;6222
3333;1766
7650;4625
864;9615
9736;2605
7984;3047
7341;2060
5567;6796
3450;7971
8991;984
6990;6134
9115;701
3053;5809
699;550
1077;8123
236;6166
697;3569
7932;4700
4546;5148
4315;4283
4105;8652
3682;1447
7064;9249
4595;514
7221;9939
7850;563
6073;6966
1264;5478
2775;8316
6028;205
2791;2617
2723;3489
6186;7007
4541;7085
2155;5208
1368;2613
3860;5050
4060;924
652;5007
7790;4225
4946;5641
1140;7371
2607;2405
2850;1734
721;5230
1939;3512
7847;4662
3353;386
1669;4246
7471;177
9455;5191
2790;3315
6593;3202
4240;3597
8209;2030
4174;9508
7671;5315
6879;6630
7720;6081
8365;4793
1312;304
4657;5511
1319;4363
5897;9340
8609;9720
5869;8064
4911;8659
1380;7857
8213;1972
1454;2775
354;5629
2283;4378
7296;5514
1008;1368
1596;5725
6161;2908
6030;7170
4771;3701
1533;669
3041;143
389;5263
4559;1653
3922;5939
9510;8488
4263;7316
7615;970
9297;9898
5348;6593
1764;2708
7961;3360
8434;474
2620;4464
7645;7392
4517;9178
4413;3910
5673;4802
9173;233
2807;9448
2524;2317
7936;6788
5986;5551
7758;5283
1801;9458
1877;3565
2166;6190
3278;600
6665;2250
1416;4310
9642;5933
9840;407
9844;5514
5210;5369
2099;4369
4817;4623
3039;9105
7763;9025
4656;1873
4308;2809
1331;6185
2727;9850
2376;2357
450;5393
4607;1867
6055;602
4152;2247
1009;348
4113;2571
5718;6212
6941;535
836;9980
9641;4951
9005;649
6825;3313
9811;4508
5851;2538
4358;4579
4895;1161
9972;5854
9380;2379
6456;9884
4626;7466
233;8740
37;2303
1304;3330
9190;8492
3310;5183
3444;8667
2185;6621
1981;1996
7481;4184
886;1840
8763;5781
9353;5087
1635;8733
3818;8092
8617;8444
1910;5202
3536;1947
3857;4841
5278;3048
3333;4940
8231;3129
3608;416
9750;1941
2412;7232
6125;3298
5424;1240
5431;1129
2679;3419
6214;6497
7863;4831
4941;9773
6386;4830
8072;243
6023;9702
3291;9356
995;7875
8838;955
4643;4940
2896;7056
8524;5373
6706;3948
6613;8490
1429;9292
8261;7643
2141;6124
8827;3434
2249;5213
8264;6673
1808;4287
2728;1452
9996;3723
9327;8834
4678;3970
3774;3926
7378;2299
9299;437
2599;2264
5279;4029
7908;3540
1672;49
6016;499
3483;4617
2064;8100
1290;3873
2387;370
5325;8735
445;1004
7569;1475
1326;7696
5401;8705
6347;1052
5494;5298
3316;773
5679;7576
665;7352
7625;6681
4203;7461
1298;2620
5561;8940
2845;4300
5663;4522
3036;6108
5526;6957
3936;3204
4653;5689
8261;7352
6742;3755
2651;6410
880;8330
339;1545
2034;7964
8226;2590
5425;5876
5210;7338
1169;8055
1639;6832
2577;4675
9292;4455
1632;3228
7659;2638
5270;5921
9990;8364
9676;2641
4774;6909
7324;5113
8454;9358
9430;3033
8300;1207
8909;3510
8546;78
7917;185
3262;494
1212;2555
4949;9196
2135;8961
1834;7405
4882;1825
5769;910
818;6896
7819;4494
8361;6274
3853;4143
9307;2153
5351;4568
2016;249
999;9933
6786;4261
6780;7998
3168;8081
7194;5304
7042;9029
9061;1924
7206;1183
9187;4376
8079;7006
8871;2792
9632;9076
6936;5291
7581;8639
9860;5949
8888;7211
5883;5674
1472;2663
24;993
7096;7218
2649;4139
2599;1710
2415;6157
2893;7954
6886;7324
4961;5757
6469;945
1185;9757
6237;8766
8396;2449
4716;3636
9660;6951
9310;7484
5966;9334
8477;3062
2904;1126
3553;1856
9189;5969
4365;2082
3923;1251
5759;5236
7008;2228
2534;4545
8337;8771
3312;6733
7572;4380
6721;7232
7683;6031
1068;3649
1717;9546
3063;973
7024;6617
9181;6213
8938;3547
4648;2861
4798;6759
4450;1807
5339;6984
6352;3676
2107;6016
6761;9679
6748;3482
3263;4431
5865;683
8080;7582
6581;1144
4907;3606
4113;4089
6171;3051
7636;819
2264;2434
7578;6714
593;2917
50;3298
2945;2157
5666;9706
8188;2415
3188;7803
3198;9053
8487;7631
2987;5068
5127;4247
8674;9240
8336;1198
2291;2324
2017;4555
1110;5948
7622;8056
5217;4024
1354;8163
6182;3372
7869;722
2139;7410
8526;5338
2815;7013
9321;5803
8433;4448
50;7108
40;4738
8306;8683
7062;6675
3238;4524
8975;7212
2580;4193
1237;286
8708;3771
3659;6577
845;2150
339;9371
3840;3155
2736;3161
8958;1170
3961;5360
4630;4001
98;9288
2684;3512
2315;2275
4388;1291
5839;6969
5484;3428
7255;4192
3551;7266
7121;4397
5769;3813
120;9609
6968;9209
9123;2278
379;3084
7638;1361
3438;4088
7001;2474
3952;9316
4749;8340
6959;6941
1661;2443
369;5269
2987;3921
2535;6461
4670;8304
6626;4790
4266;3594
3999;3389
5872;730
2825;9862
8443;6263
302;5444
5090;606
4761;9839
5298;1720
3132;6960
516;3502
2229;9855
3775;1116
2668;4797
5773;9294
5939;39
9240;6291
9780;1464
3373;2605
7678;1817
5221;7980
7261;311
4938;8374
6502;237
6447;9635
7197;6963
9489;5778
3170;9616
6894;2191
4413;2667
1485;6704
9058;7078
2995;8838
8542;6369
1444;6221
8186;3017
553;1799
3328;5492
174;9830
5729;6621
5817;9278
9936;1658
1408;9458
1274;8302
1649;2039
7322;9487
8744;6380
6565;8091
5219;5107
4460;3015
7680;8998
6032;8234
798;5712
3726;7324
1894;5807
3945;7712
1437;233
5722;9197
9691;6997
3851;7693
9036;1173
3532;4132
3906;97
2224;5477
1556;3036
4844;5589
2035;7228
3823;9185
2940;3901
6509;1186
6060;6806
5250;3849
3391;973
3046;9434
7970;6897
7127;3358
4423;659
7491;4681
7108;6067
158;5017
5455;1354
606;7490
8582;781
3027;1522
4682;5888
2708;7094
9046;7959
943;2437
8932;341
8224;3254
3590;5351
6612;4365
2363;455
9046;5823
2874;5556
840;8330
6910;7798
2172;5492
8579;1552
3366;3261
7440;2427
6707;2839
6738;7650
5276;2022
4343;9852
5276;7934
5204;8240
2299;3919
5048;1346
6094;7922
3254;6935
2604;165
1085;4777
2009;9665
6329;1728
9278;121
4155;5986
2960;7245
3636;4589
9267;4332
4441;895
2266;5997
5487;4565
6268;535
2263;2363
4810;5518
5650;7414
2035;6735
8543;4044
6400;1224
2124;5679
1346;2631
8017;658
9876;8005
5247;5495
2337;9689
6390;4603
2038;1878
5521;8307
8765;7784
7022;3575
9654;2672
7342;1689
9407;2237
2086;2160
3462;4210
4191;4808
6842;2208
5466;3070
213;7066
8566;8903
3107;1308
3506;5145
9538;9027
9804;8304
3164;6826
8231;2818
9498;1925
4508;5258
4163;2946
7418;7625
7156;1609
8785;350
169;603
9773;6734
7669;4691
5637;776
2351;5496
2274;1890
875;2078
6546;4039
8905;1129
6858;4755
3055;7718
13;7218
664;7431
1195;4172
5392;9980
875;1913
583;648
8648;4605
1691;637
1733;4042
6133;4007
5932;7009
6086;2478
7400;1343
3608;610
6098;3015
4680;6112
233;5344
9895;7780
5869;1640
7760;6744
3553;4695
3744;8553
9300;5435
5543;1034
9477;1676
5041;1762
5037;7479
592;8790
5174;552
9400;1273
3567;4081
3737;152
5777;9984
7932;7998
1624;2044
1094;1530
6740;4838
6435;2392
6625;1978
3426;2455
7;4820
4217;1396
8651;1161
186;3826
8066;9587
1451;1633
20;1540
8138;2149
1524;2422
148;9501
4467;1242
7383;7559
2433;3818
9951;9058
5797;9730
7865;2156
902;8434
3552;9553
9596;3739
9731;7662
9678;7534
5647;6050
9074;137
8199;599
2560;4699
6452;7027
2294;3835
4586;4727
7653;889
137;9802
619;8003
1958;1521
6437;5511
7427;2385
9250;3510
6399;5280
1045;2047
1330;119
2184;5881
7070;1096
581;9874
8123;2875
3709;9061
3954;7715
9951;4091
7517;6922
2094;5828
8444;4884
1339;2223
3621;6941
5733;21
8573;6778
8420;9903
3250;6956
5784;6672
8053;2717
6547;2528
5592;6608
7942;9546
4323;7893
9990;8193
4815;8436
4021;9611
3320;5360
1834;3294
8653;3920
9667;7226
7050;8087
7129;300
1395;9265
3325;9448
1983;6224
8329;3927
2832;6271
9826;3508
4164;9816
1701;5331
8252;5722
1295;7925
7434;3129
7571;6087
3401;7238
3313;452
5325;6794
7104;6720
2411;429
2521;746
3005;850
4674;2190
3473;852
5698;3989
668;3751
9320;5272
9473;6967
9549;3259
97;7120
9346;3498
4358;9011
302;6035
5805;7407
9108;4568
4188;7981
5315;7194
5183;9989
5736;8656
7193;7786
2645;7861
1537;8317
9485;7362
5285;9035
621;1734
2507;9967
1584;6866
5330;1887
9253;7487
9294;4713
2055;9834
2694;7370
7028;7877
3711;2764
2885;904
550;5530
5117;8439
200;4603
5801;1837
9990;6422
9923;2497
2741;1507
5715;4423
9746;1321
1910;5392
6034;3966
5227;8729
7688;8607
2958;7752
1372;5844
8656;8274
7726;126
3066;4278
4729;8867
6115;1071
1642;6038
3568;735
3898;5636
5159;9996
6957;7069
5389;2991
7387;6968
8072;1428
5575;1031
9180;3299
3227;7836
7926;953
7962;992
1584;9043
9859;7699
6466;7853
90;35
8589;340
2023;100
336;8980
3521;5725
1971;7261
2693;44
8689;4621
7427;7869
7920;654
2057;5846
7959;6372
6838;9543
1767;3050
3595;8234
903;3685
8269;5844
377;292
2296;713
5624;5818
6439;3947
9431;5484
343;8120
105;7770
5989;8026
4776;4398
224;2736
770;7063
8631;2538
6465;2226
772;3720
2263;5393
5917;2640
2037;8213
3354;7661
383;6145
1608;9814
1629;1952
7934;8087
6074;275
2465;851
4674;2689
3587;1796
6104;2218
4334;8921
797;1458
2642;3060
6851;8559
5701;8888
6772;5407
2901;3508
1552;4510
3322;9533
2814;7609
7620;8888
4236;6437
9739;5262
5479;9678
7059;7935
8249;7745
6857;9046
9204;9499
2106;2407
4410;7807
1296;7534
9566;549
1042;1118
5059;717
652;4225
8326;4624
3114;8914
7414;9205
4177;2893
8884;7588
828;7133
1685;4037
6179;7241
9888;4637
9649;4298
8797;7297
1833;8363
7846;9227
9482;9258
9944;6486
3483;8270
7462;6597
3537;4876
2155;4066
7769;1039
1654;4950
4524;9691
8987;7055
6933;8876
1692;6582
9526;489
231;1359
8853;8077
587;8335
7335;6883
1173;7171
1506;8635
120;5043
3512;2275
9109;7633
9666;7115
2583;4190
6806;7923
1245;3739
3151;2938
6673;2677
3427;6904
389;8632
1334;7328
6967;5021
4211;4492
2192;5717
3128;2313
7112;6640
940;6221
4273;607
3336;3209
4797;6495
1132;2395
234;635
1685;6908
3312;1464
164;53
97;1498
7381;3416
6520;1593
7909;5064
3662;1037
7377;775
4029;8318
3348;4654
8925;3037
7863;74
9532;5347
8821;9766
5982;506
3026;5647
1971;9543
5700;2068
1041;3082
1836;3913
1027;9745
8978;1041
7134;2707
1816;1163
7377;1517
5818;2654
4554;33
2729;4086
5381;1550
204;7715
8409;9583
3362;380
9126;9063
8800;6519
8497;636
433;9524
382;5763
565;7516
8470;8734
5032;5848
251;7202
8502;4805
7235;7583
5243;8968
5486;5447
3036;3895
5030;6398
627;4156
1813;9427
676;310
63;7461
9834;6797
3224;6752
666;1694
1838;2050
3894;2089
9252;8749
3246;2839
2684;8489
8160;4522
288;1196
4769;1671
7594;5396
5827;9408
1175;2855
9718;7591
316;5905
4388;9892
2657;1406
7939;4495
3456;1833
2936;2708
6934;2534
1900;9619
7375;60
493;7663
1256;5263
9334;8850
659;1514
4610;1835
721;681
9426;7390
6586;166
7282;5595
1573;5221
6442;1381
3407;9378
442;6693
8264;2342
2664;5639
2402;3158
9654;10
8421;8989
5212;5432
6855;9823
7267;7576
504;3045
4966;3442
9564;2249
9037;7489
3822;5479
8870;3581
1209;9312
275;9473
8006;2939
5112;6760
6097;1118
6770;870
6459;1983
6303;3314
1806;3570
7243;8662
2968;2209
2104;2532
810;1141
6373;985
2972;5243
4566;4181
908;4841
6;8914
4133;1470
5675;230
2588;2445
1101;9048
4428;7404
2362;2586
7326;9605
1248;6646
8167;3352
5530;5329
845;1903
6314;3817
7147;7233
7998;8055
2074;8004
3321;6207
9474;8996
2790;8415
7794;243
7463;2222
3999;6177
1161;7677
2135;2409
4324;302
2114;6206
1983;2959
8110;8298
6777;5257
5531;1127
9664;3957
5484;9337
6517;4958
8334;5659
9725;2480
5902;7188
1054;6253
3366;2215
282;1853
4625;4606
2155;3091
813;4138
6050;5275
8788;2827
6884;671
307;6548
4629;5791
2237;1146
7101;6923
3157;6827
9403;5411
4015;458
1664;3733
2673;1946
5586;3650
2905;4093
6741;70
4584;2792
5345;3372
1971;2229
4044;2278
5129;5025
8069;7366
2523;5171
4290;5680
1998;3693
1091;2365
503;9107
2451;3177
1053;4389
6827;310
8483;9921
380;9419
2713;5725
9143;1036
4306;3187
3315;5787
4564;7736
3154;7087
9259;3796
9119;7609
3841;210
9975;4345
9317;8778
3874;6723
3167;7053
7033;8002
6974;3766
3773;6039
5843;2917
7076;150
2456;6743
5937;7021
4479;5443
460;91
5591;9580
7700;9433
9790;4027
130;5460
2805;4004
2183;2325
7409;5568
6679;4384
9334;453
6775;5178
3370;203
1680;5826
6946;3969
9199;7778
9413;9660
7869;1356
9240;5569
789;5382
5949;7271
842;8754
7627;9377
7431;5037
1298;463
5773;632
916;8900
2162;638
9104;194
2816;6050
4164;2016
180;9929
1676;4401
1285;7268
6323;8427
2650;2272
2050;3493
7378;9678
9222;4810
1067;520
5273;6840
7505;2541
5740;9667
9531;1196
9862;2347
3599;378
4363;3779
6659;2391
8181;7944
9659;856
2723;2310
3128;4774
2155;506
804;1377
5316;1871
8250;6941
5063;5755
5834;7155
1774;5365
8352;7988
7713;1951
8366;8428
2082;5025
7172;6615
9322;6831
7471;8397
5493;599
9523;4000
7458;327
1730;9126
2198;9980
6068;3613
5735;8254
769;7509
3620;5473
1850;7685
7424;216
6113;5858
1594;3285
2474;7268
6469;9945
2017;8314
6897;1541
2315;4355
1868;4045
3481;419
4025;5901
384;6112
4156;1153
9973;4128
6626;1823
1813;402
8392;4278
6261;6338
3916;8735
3606;385
5032;5623
8699;8281
3516;7366
2636;5385
1411;2470
2156;1788
4723;2540
4252;5231
46;578
9359;3024
8753;7524
9779;7145
1803;6040
9835;5719
1127;3441
2456;2511
5417;7507
793;8933
4874;9781
670;2637
8603;9178
778;3327
8071;1382
8558;4469
1960;4270
7493;7066
1794;7272
4211;9949
9664;4047
2020;7143
3840;4476
9655;5609
8336;6800
895;3210
6581;7917
2199;5185
7096;9329
8512;1519
712;3422
5988;9024
4044;3481
6090;2191
7106;6654
2140;3122
7053;4161
266;7245
4989;9921
2855;3325
6721;102
2887;9654
8019;5087
4839;5115
768;9703
6634;7832
9478;2622
3209;3522
2456;9299
5713;5914
2305;4206
9036;5710
8367;9302
2956;3356
5575;2163
6682;8648
2265;9569
8303;284
1008;9494
1752;1777
9198;4738
5961;5028
3713;9170
8550;6169
4822;616
2083;7127
4822;7471
9190;9541
6774;8498
2897;2349
661;5931
7350;9278
1853;5653
9562;9213
5147;7666
7342;697
2405;3304
5725;6118
2474;4276
8639;7296
1244;7074
776;6066
4545;9966
5607;7671
8464;4856
6373;5477
7140;3723
4755;5345
9376;669
910;875
8336;8253
1573;7093
1557;3650
9563;383
4278;8202
7680;5522
1628;4808
7940;6173
4774;3547
3845;9590
4756;6570
5067;8248
293;6174
9945;6021
6843;855
6896;1531
9108;4821
8624;7017
8472;8187
7401;2750
2741;1433
8273;4369
2593;6213
6895;3719
6113;7092
3309;7221
3662;4728
1821;3955
902;1766
6328;4097
2621;3224
5629;8082
4398;605
5099;2870
5145;8852
1972;7886
6637;6597
8608;9230
9163;5503
9301;1628
2595;8962
8849;2609
3690;7022
6564;944
8788;9244
5042;7761
8820;7023
5843;3218
3980;7295
2440;9125
2499;4413
3364;9137
1010;8324
4719;6525
3827;4021
8153;2774
2983;3354
5383;3026
376;8299
3970;5516
7543;5364
3278;2715
8739;5473
5934;9072
2768;8374
4549;5268
9139;7913
757;6502
2589;1828
3027;2768
2201;1181
1894;1537
887;7277
4563;7616
1928;4885
3132;5823
6602;2762
8539;5341
8236;825
4413;7356
5551;8963
8976;4691
3228;9733
1193;2170
7914;572
4938;115
8105;6833
1652;8993
462;6215
6609;8743
7453;6093
918;4055
8856;5809
5748;3444
6634;6514
7152;2186
1829;6129
3229;1409
2214;774
3579;128
1346;4870
244;9452
8055;8248
4797;4869
4464;7758
3612;8269
3851;883
2324;9059
6692;4424
2503;3327
938;9656
1865;9119
2137;5094
529;4351
5868;460
832;3566
5330;1076
9370;9737
9324;4167
4607;140
1925;8219
4761;2129
9102;3437
1188;2147
7862;44
5474;5152
9700;3691
4272;1837
5137;1153
2540;7357
1613;3372
923;3296
800;294
3033;6477
813;7640
2969;9091
2212;7731
1220;7666
1168;2408
9813;5382
8804;1639
535;8504
5330;1159
6693;6819
2312;5586
4176;277
8958;5100
9925;6111
1746;9311
2588;2559
3303;1909
1650;1867
9640;9222
9534;7161
1631;9347
2543;435
987;9430
5292;2669
589;8337
5841;9253
3923;17
5883;9234
1469;5808
1697;3215
1471;4285
2127;4775
2546;129
6642;2187
9352;6176
5700;983
1876;8243
7770;9215
7674;9414
8236;4615
4104;4077
3869;4379
447;9752
3613;1916
1912;5310
1484;3384
5947;3611
4511;8494
3740;1153
7033;3092
3682;2733
427;1910
7328;4550
7477;5002
316;5713
5970;4420
6143;9839
8800;6590
5943;8765
8506;4207
428;9990
3943;6375
9953;8454
1221;3694
5960;8254
3138;5994
7339;9918
7904;4668
4468;5381
9670;1136
7446;1992
5557;3589
1831;709
179;4126
5826;5038
4686;6254
5028;8629
8982;1334
7084;203
1380;9396
4810;4518
5390;2149
4436;3294
6817;5256
5027;2840
6393;2473
4832;8302
2415;3016
5363;2594
7142;1189
7632;1828
7444;9013
6810;6426
347;3894
2981;1727
3290;7791
2597;5032
9941;7034
8326;6758
8642;9705
9598;1387
8530;783
6041;945
3799;1404
3540;941
2594;7524
9122;6390
6537;5932
2816;6884
6178;5797
4963;5820
9941;7561
852;9882
947;5530
2992;9589
5235;2591
7329;3765
3374;3370
4711;3525
4775;4603
4466;3721
2127;9940
111;5017
2224;2927
8253;4754
5076;3217
574;5017
7130;7778
1251;8077
3308;4244
4018;4895
3187;1347
5013;2913
1070;6076
6438;5845
679;7256
9566;9158
7197;9677
527;5773
8956;8781
528;384
8350;1102
1754;5480
8881;3005
3557;8541
7249;3927
3437;6788
1627;8450
9701;2697
4526;6139
8542;1557
3396;4460
7067;6945
489;7595
2718;5797
6376;3246
2533;4726
701;4287
6558;9582
3645;6467
4475;7246
394;7912
4035;2021
2714;3736
4718;3592
9876;9612
1501;9624
4072;8569
6569;913
6164;9287
6710;8892
8886;9244
9970;9587
9883;6528
5521;3528
9347;9996
775;9741
4261;4810
8115;3327
4898;2833
6920;1126
8798;8421
750;9222
3342;3671
136;5858
9311;6846
4750;8197
2442;1072
7784;2326
3952;9657
5854;3299
9653;2981
3041;266
7791;1156
3594;9042
341;514
168;5491
5287;7271
4714;8630
942;4850
4488;253
8048;5591
4802;491
3015;8938
9169;6968
8595;1375
267;4601
4357;9660
4867;8500
7168;8461
7542;7510
8975;4063
3001;615
1334;4067
5597;8628
8917;6437
5234;6966
2028;36
3809;5044
8975;2978
8364;3922
4353;8631
8523;5062
8292;3391
3563;5460
1852;7457
9322;7180
1520;8676
7795;2854
2743;3392
1483;1661
9829;6717
4979;8210
3105;8788
9606;8432
8118;7970
2355;2471
6601;878
7534;1245
4269;7449
3058;2474
4906;2380
9654;6427
1056;3801
5633;152
7193;3468
8165;3374
6537;3144
1584;9643
8284;7542
8075;6402
5512;6782
5225;8466
7661;9111
9711;8282
6560;2769
756;1467
1502;410
4246;8910
563;9879
9062;7756
9700;7227
7483;6237
371;5419
2232;5007
2962;6660
1409;8474
3442;6635
3292;1103
5746;9356
9386;8659
2125;6494
126;9979
6905;724
8890;7468
6955;7952
1577;6655
1532;9060
9245;8255
831;1477
3263;3793
8137;4672
8620;1580
7659;1912
9035;9758
1268;4773
8417;9746
1268;4895
9725;4525
5619;4967
1993;8926
9272;9922
1934;804
5334;1179
5411;6166
9008;8674
9959;7146
9699;4931
5078;3710
6844;4113
3468;4464
8887;1885
4210;6507
6780;288
1032;8751
5255;9377
7678;4527
9300;9612
1683;986
7143;7095
3504;6151
2121;9816
9649;1820
4747;4727
5531;1591
5193;5351
6056;432
7237;6618
6939;369
3258;7971
5473;8514
7348;9503
9393;3000
5467;1077
3987;2610
4524;7491
8761;6645
7307;4763
4818;8407
9490;349
9998;1035
5700;2406
1467;9289
5377;4758
9659;8635
2729;1484
3501;6430
987;2895
9430;6454
324;9769
5416;1200
3613;529
7845;7272
5292;2663
5679;1135
9364;2030
2170;1417
788;9990
706;6165
4748;6717
1153;3830
8201;4654
260;5540
3901;6042
8346;577
2164;3762
8129;5777
4292;5975
9401;5936
4990;5081
7071;4355
7111;9242
5772;7899
9232;2830
417;332
5900;7922
514;453
2576;7126
5994;2830
3169;4340
9759;1685
4455;7889
3814;8747
216;3215
4683;5206
8296;8107
5913;1759
7349;8037
6011;2933
868;6428
9617;6768
4350;132
7221;3278
7258;9567
2460;6779
260;2220
8464;4715
6461;2278
9814;6677
5494;849
1883;142
8956;4149
1902;2657
2186;7913
5590;3054
693;1560
6174;1395
1692;9748
4673;8950
5667;3486
2082;5927
2058;546
642;8519
9177;456
1548;4671
1306;9783
1165;262
3932;3067
2920;6119
7332;4862
5525;8025
6422;8052
9420;8114
7800;446
3417;3467
3932;1851
9395;5990
2397;37
861;7926
6846;2409
8949;8152
2192;115
8414;6125
3182;7686
2244;515
2549;4121
4892;8971
2173;4313
3438;9973
1111;3207
9793;5043
5058;5540
7385;3807
1929;8246
1734;8775
655;683
6927;9199
798;1694
5324;3981
9380;3920
848;1929
8042;5740
7253;215
6405;691
6541;7516
250;2686
8911;5308
8226;2648
9115;155
894;7201
8931;7901
7885;2210
3453;8683
3904;8777
9016;3285
2698;6216
1566;7092
8309;8819
3659;4714
5862;200
8583;2464
2886;7494
7772;7464
6495;3240
7620;7389
6793;2903
1643;4678
5113;5096
9714;5370
225;5082
8655;9275
7651;6573
6367;5960
5393;27
674;7607
6579;5609
72;5818
9456;4196
3282;5951
3788;7254
9692;582
6509;1335
1612;1623
2783;7678
6993;3009
2761;2000
8636;412
8573;5004
2724;318
1383;9750
4278;4314
5360;702
6484;4816
4898;6119
7119;5039
3373;6811
1973;9883
4499;3585
7858;7282
7616;1203
6643;377
3203;5280
7141;8128
6636;6217
8447;4371
5967;2725
5037;1327
9779;1522
2495;1029
7641;9614
6068;7366
2778;4393
3601;7277
7979;1459
4559;1947
2662;7555
2324;5865
9187;5817
3994;5823
2034;8793
6546;4353
7870;1583
5681;7649
3105;4528
8678;7098
495;1099
4465;3273
5492;8066
550;9823
5878;1461
1770;8540
9016;446
758;8203
2615;1104
378;4649
9897;6924
5355;4119
4860;1036
1768;7965
1916;6798
1416;2411
7897;5881
5684;3390
299;2586
9565;6177
4048;1336
1070;9416
8134;1828
3972;750
2932;702
1751;9181
3979;7106
3300;8839
4494;1420
3156;6411
8218;4572
5174;6116
6805;7211
5858;7105
9797;1775
9634;197
3111;704
5966;7598
8884;6290
8348;1816
6992;99
7349;971
3558;649
9810;8052
2069;2967
815;288
7539;5990
2756;697
3201;4966
4154;9350
6741;3788
5900;6205
845;8218
3803;9729
4508;2151
7898;1500
8602;5247
2472;2160
2249;8634
213;670
1601;7380
7310;5493
3370;66
6190;2923
1384;344
8626;8126
484;4526
4331;7681
2744;8134
3763;7252
285;1661
5104;5239
3260;7576
7400;1861
6211;3965
2532;4164
1345;9842
9657;4716
6261;2199
3991;7645
8895;2617
2123;5732
3495;6454
3413;2591
4588;7176
6195;1225
5189;1300
6465;4802
5228;217
6663;7791
4182;5547
1956;1879
1742;7965
2947;8003
6517;6939
2000;1764
5908;4124
7496;9404
578;7262
1995;1519
790;8191
9096;5980
5843;1913
7134;1071
8482;3797
8863;2664
5697;7171
896;7439
5136;3843
5442;1653
782;3794
3418;6691
7918;7266
6095;4849
4528;4442
2720;1671
8985;1816
4003;4828
82;1137
5900;8564
1286;1115
7581;6983
8286;8477
4422;9774
2320;6216
7780;9455
11;7550
6146;4281
4816;8593
9130;5697
9387;1850
7368;8373
19;1371
3201;101
8860;5453
5017;146
2920;2598
7130;7558
7427;7904
7333;9748
4121;5113
9203;484
2663;1701
4765;3831
294;3896
5880;9681
2098;9600
4406;2117
7323;3960
8570;6183
9413;3588
6330;8686
2538;9812
6244;9966
4068;3577
6066;8189
5042;1621
5025;4057
3322;9791
7889;9968
39;121
6001;2137
9722;408
4255;7045
4368;9177
3229;133
2765;5911
8819;5304
2075;1416
1622;6143
4993;7688
685;6388
9309;5710
445;2631
5501;4686
8951;5540
4808;4952
4030;882
5360;4637
7927;6080
3814;7508
6214;2932
3419;1385
8236;1846
2801;6210
7990;4147
3898;8675
535;9559
4385;7332
2190;6239
2019;7493
8131;3179
2445;2161
4061;7806
6798;8340
238;6965
5849;6452
9897;5620
4190;4485
7467;6991
695;1809
7490;945
484;8025
504;1221
1710;9046
7460;3729
6539;1944
3260;8984
457;7321
3142;3608
2013;3381
573;7862
6185;6822
9835;375
1307;3654
3719;8354
5463;1209
9299;2299
5587;9803
3520;7297
8849;7333
7378;1740
9277;638
724;6086
7959;219
9694;9972
3600;267
4187;9785
7089;374
6513;4748
4028;232
3102;9491
1441;8753
8142;3380
4908;1662
677;109
5347;8055
1849;976
8693;2574
7063;3004
2793;6757
9329;2745
3377;9868
8882;6818
242;5395
1567;622
1979;1021
6465;9773
9775;4607
3153;4683
6269;3831
4793;1617
8238;2994
8945;3284
5568;6008
6288;4713
2766;1969
3810;6143
1837;2693
9313;8431
4440;880
9053;2772
8254;5518
2545;4381
125;5698
9064;2747
5881;209
716;4120
3204;9661
7404;5124
5670;44
6190;8436
2014;0
931;203
9045;244
8635;9838
7477;7688
2610;5731
9559;5155
112;9684
7205;5528
2431;3087
2090;3147
3559;1646
2809;963
3122;8479
7359;5664
3267;5725
2017;550
5929;1062
7146;916
7252;4623
4956;9862
6706;4515
1369;3170
4200;8575
5051;6631
8014;7141
6131;1573
5139;8940
8888;8261
3771;6247
3926;7038
1973;5943
3940;7902
3357;1086
5170;6962
5710;126
6824;8768
4642;4546
1939;8842
9473;6990
1825;7487
483;7956
9060;5622
3248;7948
235;7019
547;513
409;2520
2808;4349
6774;2518
1788;1944
9480;7498
2071;2656
2618;6713
7202;4557
1907;6675
7899;3732
514;8382
1689;5926
356;1289
3874;592
8309;774
1105;5070
3294;266
5772;6421
2784;7560
8365;2264
1410;436
4920;4028
3501;2123
4938;5408
5150;2837
5493;5665
1220;7182
1591;1576
4823;1818
8520;3132
8944;5978
4555;2238
6244;327
8659;9028
7887;3377
1292;9297
165;2564
9677;3667
1039;4615
5427;6190
7453;920
8207;5025
4454;6150
2953;9278
4320;1474
8762;3264
3804;3317
1855;48
3644;514
5428;7883
243;3072
3532;409
5636;3210
4076;6676
4177;5855
9218;1630
6776;3777
3007;1230
9927;5961
508;4248
3787;5623
3864;7591
8940;5719
3991;8937
2586;9419
3172;2829
2491;6705
3238;4479
6267;3666
7507;444
9522;6725
8427;2650
502;1434
3880;6782
3747;741
7382;7534
2716;1246
1477;1656
6966;1820
6945;9552
1239;6470
8733;82
3175;8324
4562;5794
1990;2069
2590;7864
5147;1017
514;5649
8804;747
8783;2551
7840;6165
6438;556
7412;4267
8564;730
6088;1862
6634;3679
8332;5367
3762;7859
3691;4676
3653;2034
3097;2595
6250;8244
3613;6765
246;8769
3864;9029
7672;8056
5195;4110
8612;8959
4730;3528
9689;7170
5390;6323
849;3722
8042;963
1581;8086
1991;1586
120;5089
4182;6370
9685;4147
9487;9931
2916;9703
5313;588
7759;6860
1051;2723
2171;2133
6252;1860
9303;1642
4535;6504
5365;8929
3820;3298
7015;5811
4885;3487
7252;5419
6210;6938
9566;5697
3221;2482
1753;8534
9422;9512
1746;6825
8588;3917
8958;4840
2129;8261
6482;6664
1118;8199
1946;4938
7850;8961
749;2735
8801;4354
8154;5011
1292;4072
7060;4513
6554;8813
9400;2328
4678;7498
9154;3266
1416;8112
8106;3545
2726;940
6562;3844
5492;8508
5134;3342
3821;2235
2429;2622
6589;583
7633;4233
1007;4694
5099;3913
9859;4499
6241;4537
1997;1747
4155;9765
9860;8613
3311;8938
9554;9873
9134;1398
8381;4268
4740;2202
2855;7169
1177;9445
4104;8810
3678;1463
3504;8777
5376;3364
9628;1617
4253;7978
3365;8409
7743;9577
3374;1054
4867;9280
7279;4001
678;2012
4621;1770
4215;7476
5291;1744
3273;5747
554;6952
7210;411
2081;2586
127;1710
556;4380
9688;273
9141;3783
6202;2516
4838;1069
8148;8469
1422;8827
482;2395
597;4697
9871;5889
6441;3145
1636;3347
6449;8847
3758;8530
7785;3885
6592;8341
4618;2632
8614;111
6416;4816
8979;7606
2237;7128
6075;3659
2307;6557
6054;9256
7606;2278
5145;399
1775;3134
99;8224
8333;3857
3106;2470
4095;6051
812;5065
5035;5778
1528;1451
595;508
5409;2832
3988;7837
2844;6295
746;8898
5551;8353
1176;7049
5104;9303
6535;5203
7527;1220
5413;6986
3690;5860
9389;854
925;4424
6633;2453
2228;3580
9313;3989
6412;9653
1826;9256
2300;2573
4507;4204
7278;2035
1253;2382
1339;4140
3938;5218
1712;9351
8556;5402
5211;7945
2609;2488
8722;9242
1293;950
2822;607
4939;5586
6612;3118
1195;8913
5691;2054
3117;9321
4089;722
8055;5428
1214;1993
6999;2926
7696;5555
4680;2907
3501;7289
5395;2223
6531;3041
9525;5705
3648;4464
7644;6612
3934;8839
5525;5977
7245;4994
5298;1334
5716;3354
3115;6930
5347;114
9856;9396
5669;4537
2303;5522
8178;4051
7745;1062
7092;3622
6767;7092
4439;763
3704;8373
5954;5582
4351;3199
576;6001
4534;6293
9355;7649
9575;1055
4115;5784
451;9784
321;9106
5307;4851
3157;9404
5913;6601
3027;9033
45;7466
9796;102
2191;5751
5684;6542
8950;6260
2544;9836
8905;8251
3837;4833
9306;7952
617;6109
4089;7290
5216;5748
2141;4725
1504;8055
7679;883
3440;7724
4701;3236
4178;6893
5339;9862
9787;642
2475;8683
6830;7732
6935;668
2565;2593
4972;3182
8703;5413
472;271
1161;8966
1348;9018
3373;9027
9901;6813
3104;955
49;7282
7848;1741
3497;3987
2383;2324
2671;9213
56;9606
6233;8974
8551;1206
8508;3606
2971;5333
229;4133
4299;1578
9503;7672
6957;5756
4485;61
6711;886
3696;4559
2627;7193
8547;5010
5869;7570
576;5925
7176;6809
1251;2079
4367;9760
5686;7339
5093;5915
7824;5744
3845;7327
3416;803
9435;4253
864;6147
5139;912
706;4119
4457;5605
5481;326
3175;6057
2604;6703
9219;3855
5135;9938
9967;821
7277;5060
3088;1453
804;6934
5132;572
7737;4568
4825;4953
715;6317
2218;7773
436;6675
9731;5917
3354;9258
1975;2310
2314;7546
6165;7449
7484;6133
4622;1114
7545;7710
2567;8350
996;7700
5274;5085
8620;100
6391;9335
6417;8609
3460;3205
1636;3191
9122;4990
2450;7449
3652;4764
4995;9818
2213;2480
2303;3187
9946;9848
897;2513
4550;8246
6565;9825
3331;5185
6277;9722
872;9046
8331;4333
2251;6320
3876;1373
7662;2678
8823;1315
3794;170
7485;2359
9002;9788
5546;8948
5988;6444
1462;539
4690;4379
6716;8021
5917;9345
4096;3141
8391;8779
3826;6994
5099;7703
4719;9114
6733;9894
429;528
65;7914
2887;9067
4054;8434
8016;42
1230;5830
6933;5920
6561;3649
293;2478
9346;741
1972;4089
9521;5798
1083;972
9853;5803
86;2939
2049;515
3467;2114
4781;6354
1182;8835
1140;5550
8878;2370
1380;2163
4642;4293
5813;1288
3124;1511
2029;5096
5601;7902
7246;3036
8875;3452
5191;8961
6391;7241
5829;9858
9355;6962
2564;6889
5798;3705
2439;1028
2427;171
3191;7070
4465;5356
4710;3941
3220;6739
9037;8821
4642;2635
1857;9869
6087;7049
5182;2478
4290;7363
8688;9997
4326;7605
6887;6476
7662;5678
3856;89
5850;3399
3511;6667
8756;8221
608;8328
1313;5997
7149;2307
8632;5358
2176;1072
8759;7358
3550;9401
4722;8591
9399;5400
6196;2638
1876;3858
8316;5732
299;518
5483;163
3537;591
8384;4145
8919;6049
6494;6068
8356;5127
7779;532
6199;6538
4243;6101
5940;8965
1044;1691
717;7240
4329;2593
7450;8997
4677;4102
9516;160
4265;3053
7104;9001
3551;6023
5051;6397
8444;9759
1524;6223
292;4075
2761;4535
6529;5053
9852;7573
6744;569
1166;1073
9514;4968
6423;543
5422;5939
7055;9687
5344;4159
5041;5247
6535;6444
1645;4979
6203;9521
1202;6495
9949;315
7382;6478
5369;3586
403;2113
507;7921
9539;6373
2890;5962
6916;8312
8253;324
4352;3597
835;9393
8845;7370
2189;490
2349;8392
11;9903
1240;6312
219;8622
2790;5588
8561;9546
7701;9068
7467;3592
1794;6709
9554;5062
1374;7807
5386;5726
7757;2574
1471;2954
9944;3660
3444;8646
8404;9807
8549;9644
6120;8768
8267;5262
4356;3180
1160;8410
2248;8628
2002;394
1689;7909
5457;3063
2068;843
5141;9825
3417;2964
2779;9714
2976;2575
8360;1381
8735;6909
1025;1207
5678;9292
2821;6386
8824;3982
1148;1073
2610;3151
7819;651
7412;3276
3715;5832
472;8856
5658;3889
8173;4789
9955;1149
3717;8315
2530;8804
1577;3556
11;3607
9200;9184
6345;8025
3166;7494
5450;2128
6997;3269
2780;4409
6546;6495
241;7018
1703;2251
7259;9876
3393;7215
1026;7110
1882;9908
2266;9811
3464;8629
3418;2665
7813;9764
7042;980
7258;2492
3108;607
2113;5888
5016;8659
8735;1609
2029;439
213;5641
6667;3606
9208;4045
7068;1090
3954;5686
7254;7418
4315;672
6435;2128
6788;9829
3108;398
2321;6217
1005;787
8457;2373
5798;7193
335;7828
3984;548
9821;651
506;9029
1049;3926
6471;5003
9612;3725
8773;3927
750;1561
6055;3890
1390;5516
4289;64
8085;1646
851;6542
372;6649
87;7059
829;4071
3959;650
1075;4465
6031;2124
4743;2503
3479;4355
6228;2252
4634;3330
165;7041
7221;1556
2557;7862
1620;642
9508;8823
3537;6232
1824;3624
3291;2654
7696;7250
9656;8771
8067;5688
7247;2810
4543;726
3517;7123
9330;4503
454;9496
1545;7675
7404;454
5537;9024
1097;1397
4199;986
7630;6023
4610;921
5029;2306
4524;4686
7429;2591
6726;1028
5402;1269
8106;5271
8392;3789
9775;5198
3285;1320
2873;7041
8126;4762
6065;9223
6160;6616
6561;142
2639;1172
7415;7669
9830;1939
8707;3612
4531;1785
4640;9933
9406;2747
5204;4150
6536;1331
9349;6173
2651;8574
3214;7130
9689;5631
2705;5849
8599;9267
2343;1238
439;9758
5259;269
1698;318
3881;2581
8455;4874
2514;7861
3973;4070
8364;6861
1754;7713
3034;757
2639;2600
7887;2328
4583;593
4529;3182
9860;6872
772;299
2983;2384
6920;1033
2702;7154
3614;1158
2028;2480
5371;6001
2902;87
2862;4656
4152;2248
5414;6792
1200;3301
5472;2135
3894;2
5317;106
3226;2441
6757;6209
4825;3678
3594;7528
832;7208
5038;2860
9688;6761
5213;2591
6849;4427
3599;1001
6675;9013
4145;4227
8667;9618
6362;8913
5972;8031
9020;9198
472;5777
1760;5298
5807;5354
9178;6639
2563;568
5851;8603
7329;7416
7546;530
1843;1146
7884;4870
6511;2029
9097;1530
1647;1811
444;7619
9842;5816
3170;6667
7945;4930
1965;3753
6636;1143
392;5551
1711;2596
4155;5392
12;8053
5923;8208
5551;3807
3078;2063
2188;8528
3593;188
6691;389
4159;6534
6205;7329
3201;4151
8611;1518
7904;5248
9013;4648
799;724
3596;1306
2468;9961
9360;4743
8169;4911
4902;7599
3326;7091
2479;3272
7279;9171
3661;1438
2057;6219
5120;1610
6722;3731
3128;978
8979;2141
1978;6131
9217;5575
7437;8037
1888;3149
2781;6409
8061;7683
360;7739
4774;2840
1011;8405
8363;1025
6196;420
7244;1316
8382;318
5047;1510
1296;379
3;3274
6510;5572
5201;299
3609;7089
3449;2742
3498;7862
426;3859
5601;1552
3051;2965
9958;1414
3990;6154
8186;7586
3822;6568
7904;8869
4430;5552
9248;785
8826;2110
6357;4028
2410;6318
1117;5859
9061;968
73;5839
1179;5674
7391;4230
4991;3701
5644;5333
6207;182
9271;29
6750;3527
8899;1180
9079;4499
1965;7906
2962;4674
8286;5372
992;5755
7583;6405
6723;7656
2244;7902
9682;9636
2132;4674
3337;4128
6359;9545
662;5631
5926;7412
9158;4825
4944;4590
5677;3261
8848;8639
7935;7134
363;5280
2889;7946
1685;9613
5602;3930
3867;5284
9918;2352
6310;3255
2832;2670
9152;3495
4653;5079
907;163
6256;2204
4753;8285
5465;3601
6924;9753
735;7287
5033;9977
1585;6718
9590;7187
7000;3457
8824;6918
2161;1486
6526;4994
508;2030
8489;1513
3461;5748
1677;9718
7952;6430
4355;9770
6384;7632
9523;3471
4919;4556
3448;2857
7626;3038
44;4627
2848;5220
7897;5009
3059;4423
3;3567
6454;4844
1433;6267
593;3110
5985;4897
5892;6693
4667;2276
4325;4190
2100;5596
5098;5548
8453;2725
4939;4850
7352;7787
70;5249
9148;9481
6025;5504
9401;8831
348;834
5098;7293
3944;7436
2191;6188
4129;3210
4817;8454
7401;6917
402;2499
2465;8856
5224;7404
3706;8928
1543;128
530;7044
9610;6555
2548;9011
1738;9248
6197;3188
2894;141
624;5085
2681;1105
8295;7498
5911;2048
4415;6314
4548;6881
1522;6124
637;5228
1405;2181
1708;1935
9225;1318
4842;8125
6681;2932
3725;2878
6120;6619
9371;3097
8056;2053
4202;6352
5903;6466
4752;319
2780;5652
7200;4302
1777;7837
5882;3182
6370;7590
1469;1947
5261;6311
72;8294
9243;3798
7525;1715
6769;6896
4812;4826
5301;9015
7530;1205
5481;2282
7876;4613
7935;5076
5267;6064
9265;7501
5598;1988
1443;3419
3935;6704
9730;360
4999;5325
510;8876
3392;7279
2124;8205
8457;7426
3572;5987
4983;9053
4622;9211
18;8909
4287;1637
1325;9904
5490;6923
8244;6933
342;8532
3638;6424
8892;4989
8101;5754
3865;1493
9385;5989
9698;7843
9767;3270
182;1102
8675;4804
313;5045
65;952
3034;1390
7209;8524
4665;1805
5458;1359
337;5448
7783;5581
6789;2236
1335;7006
82;721
2995;6132
8564;9115
5755;8746
6569;782
9903;3235
5828;9968
539;5214
1359;4100
3739;2376
5906;5549
3736;6243
997;1519
1825;4138
108;3160
1144;190
233;491
6322;8797
5958;2077
3896;2528
2860;3799
2115;5040
119;2654
6606;7830
3107;6697
207;9013
2246;3943
1608;9595
1814;9785
3733;1922
9298;4877
2112;9531
5369;4787
4681;7679
3216;8577
207;2428
8728;8674
3820;8847
7681;427
6678;788
7124;6885
6153;9371
828;7761
5318;2642
3899;5404
917;3197
281;9381
2728;2002
520;7409
6034;3737
2338;6241
6165;1066
1268;9986
6266;8949
6765;2944
6089;3889
6181;8594
9612;3361
6355;4931
2355;6606
335;3272
9803;6968
9006;8884
5323;9526
6293;1357
3263;4984
3950;5781
6050;1570
2119;2316
6871;8884
1612;2960
2773;7793
1554;2386
7506;4262
3669;9862
868;356
3134;7024
3676;2140
5908;5351
8019;8553
3060;1282
3537;3363
3415;5940
4933;5534
4608;8157
4418;2573
1117;7192
366;9024
5930;7873
9638;5951
4087;6858
2659;3573
3882;6335
2066;6142
8039;85
4696;1099
1367;4585
814;4783
525;5748
6669;1486
257;1088
4059;1374
4632;777
6750;6914
5002;2740
2865;9089
5951;5524
2663;9833
8211;4729
2328;6250
1166;3376
3702;2533
7961;4516
3668;4839
6616;6690
6325;6873
7778;384
4600;2410
7513;7702
9324;2516
443;8541
1605;6394
417;620
2579;8628
1701;1259
1231;2867
4635;4933
1753;2597
5801;1773
3788;8770
8463;113
5643;6241
6849;6595
5003;4362
4298;679
3230;1093
9220;1188
3839;9637
1808;2770
4618;9862
4030;5849
2729;8665
7134;4482
7614;9287
6256;1402
8057;1071
7867;53
7313;4716
6648;8668
5431;7298
9348;8661
4743;8568
9849;8582
4558;8010
7705;9176
7872;1735
1377;6953
6752;4863
1436;4367
4150;4044
5769;2208
5115;3637
8613;8780
4705;1613
3801;6488
8912;3149
5150;3655
8069;1351
8590;2627
5713;6295
8155;9937
4382;9532
6891;1134
747;4679
5501;4898
8723;7623
3458;190
7612;2071
5323;8669
3684;9124
5158;8948
2273;6660
8956;6694
4363;7546
9322;77
193;3829
14;4575
9714;6905
5709;461
1584;7563
5359;6659
1538;8817
3202;5502
7240;4877
4171;925
4001;5681
9873;2626
2341;8829
9320;6705
2727;4994
6782;2920
8824;3148
3847;4890
6406;5909
5351;4342
3472;711
1002;1362
5880;556
6864;3121
5433;7387
398;5786
3069;6623
8412;1762
5453;4084
8467;4532
9079;1601
3805;4255
1102;7652
9145;7508
3561;848
1850;3385
7911;9204
4747;3792
6112;7963
3265;1545
5351;15
7331;4772
6638;2095
6534;8443
6180;5002
2976;1611
2955;3133
2218;4057
785;7715
1565;4347
8563;9768
7732;6475
5324;2480
6619;1437
6795;9884
9334;2146
6251;6666
6918;2889
8761;3453
7685;1293
4807;7013
9256;4114
146;1474
8172;931
9189;6089
1630;7753
2209;9363
580;7534
8195;7199
5323;4990
3435;4657
3489;9686
7675;6759
8927;2789
6564;6612
4082;1371
3625;3339
5486;123
1165;10
1055;355
6099;2685
4460;8309
8400;5040
2195;2947
2239;7518
7938;5674
8527;7779
1712;6203
4538;639
8992;1103
7252;9426
8826;7229
9117;664
7353;283
674;4760
6990;3126
3797;1450
7787;2198
6490;9982
5145;5081
3852;9435
7107;2379
7214;8819
4934;1753
9458;3926
2856;3062
9705;8034
6644;8822
8699;349
9105;9373
5109;6095
2499;5258
3897;6638
7456;387
6620;8954
1820;6824
8389;8927
9204;5604
7746;490
3709;3557
4417;2917
2971;474
951;5967
9296;9650
6316;4754
5376;7777
7201;4227
3036;1099
866;6844
7838;7486
5798;9659
663;4188
4938;6219
6144;2685
6709;9853
2594;1126
9122;1917
1600;73
7885;7249
9724;4201
2003;5100
1979;5556
9327;1367
6655;6545
8211;846
4032;4010
6857;1047
4550;1795
7266;694
832;3975
6899;3426
1454;6021
5344;9406
6094;9581
6655;2170
3782;5010
3622;2113
567;9302
3480;3574
5847;8044
4420;6231
2054;1277
7278;6604
9425;4544
3650;257
8520;549
36;9974
2922;1732
9380;9016
1313;2388
7539;5095
7398;1161
3561;4317
463;3393
7892;6311
1437;8664
2542;3491
6294;6173
6447;5719
717;97
2328;5589
6998;2364
5563;9920
4096;1296
5289;1761
3684;2828
3209;7434
3989;6770
1752;805
163;5996
7116;7953
1012;6010
1444;7306
2183;4244
9377;9253
693;8058
4842;7692
422;6758
3964;871
4406;9253
2632;4442
2081;5841
1876;2423
8963;9980
3228;5479
2328;6696
3432;3341
9058;4876
6999;7594
5472;6377
3199;6166
4435;8041
210;1209
4799;4174
8432;9205
3428;1065
3647;1861
3258;1876
636;2222
8208;216
7701;537
3264;1133
3878;8675
2361;877
6269;4186
3606;5820
352;4393
3861;562
1955;5013
1088;387
570;868
7804;570
9082;1063
2446;9718
9637;7006
6287;3690
7543;9551
1175;1421
4578;9888
8651;7199
4074;8609
3019;778
9355;6881
7692;1310
8246;8781
8049;8816
6001;5854
9386;5083
3269;8184
1154;9258
1543;7441
2948;9086
3344;475
6860;7923
363;5511
5122;790
472;8142
1568;9827
1375;9261
7489;9621
4394;5539
4789;395
1393;528
5479;1014
5064;6633
272;6607
426;3220
5694;122
47;2554
8045;410
4417;9520
1200;4889
4014;9121
1069;5389
8382;4910
1362;2776
449;6151
3171;8194
3031;5002
9208;8096
7987;9480
4703;4765
9052;6749
4888;9099
9303;2933
5862;72
8805;3414
1314;2819
2535;2383
4560;917
3645;5922
45;4095
8426;9569
8641;1457
4571;7850
5905;8911
3682;609
3676;9087
7358;8564
8186;3014
7850;400
3086;6655
3815;752
5827;6350
9487;387
7268;3133
2662;7313
7228;7440
3234;5869
5249;7806
71;1155
3069;3754
8116;3097
9193;1826
1662;7379
1192;5864
4132;4279
8871;7947
1383;1050
4297;871
1438;7917
4004;452
5231;7584
7892;4817
9805;9493
2623;9877
648;2044
9983;5116
5142;9176
6943;3156
2907;8135
9020;7039
8766;4243
4986;6502
5294;5636
7373;3084
3553;7729
3536;5136
5313;7780
9954;1470
3625;8929
1347;4274
974;7682
5742;2468
3210;9037
5624;6118
3525;996
9509;8643
5239;848
5145;6885
6484;2518
9969;37
6599;9857
1526;1912
3989;1480
3383;7615
409;1082
8241;7735
5117;3983
203;8327
9373;5827
797;2898
3175;307
1541;4767
7507;3039
1652;3991
1909;7974
380;8509
4183;1906
6773;4525
9738;6508
2140;148
7591;6733
4235;2708
7068;4439
7387;6441
6618;8185
9339;9794
4844;7233
4561;2351
272;2565
6342;2181
6891;3074
7042;1075
4981;3816
5600;4719
324;4092
1219;4267
825;5455
3327;7893
6246;715
4335;9216
8900;26
5362;96
3611;9923
2447;235
8841;5141
8769;5732
8215;5811
3159;9548
9627;5111
4268;6304
9203;1839
571;6380
3646;3899
4274;6244
966;4961
5461;6218
1339;823
6314;4951
7099;8761
1538;5940
3902;307
8024;2117
6119;7536
1666;2098
2647;2286
8402;1851
477;8974
8231;4124
9225;8857
368;191
170;2181
6409;1510
9357;2723
2813;6456
7836;4351
8748;1738
4659;3124
207;7130
660;1873
9228;3308
511;7631
1511;989
2957;6094
1465;2182
4952;8185
2373;5122
367;5134
2984;9724
7857;5797
2532;5693
6501;1280
3783;7512
4404;3990
994;1417
2216;222
4725;2727
4205;2588
68;7162
8682;1533
5696;3634
9719;4421
5109;6438
9555;8093
2514;3764
243;5046
9457;3096
2678;9592
608;3434
3583;1602
4851;5799
8176;5928
4878;2382
8516;4947
5896;7199
2832;7945
7185;8903
2366;8646
5341;8274
3092;4207
2038;9687
9253;7848
2783;8283
7440;9743
1718;1023
1345;2921
3174;5873
8850;4405
4607;3718
5704;6856
917;8536
4801;4455
7440;3519
9453;9133
1793;2545
9693;3832
2232;5298
1680;5015
3582;5472
1110;1652
6496;2455
4573;6022
4681;9775
6779;9288
3494;2483
6144;763
1020;7297
5218;4812
817;1024
297;2610
3569;9990
2794;2154
1641;4474
3521;5223
9947;4632
3227;2795
3439;7800
5169;8120
7576;1949
3761;1070
4432;9905
8185;1804
3555;9756
2968;4372
780;3266
3334;701
9608;6129
2855;1249
6955;6377
2824;3254
1009;6051
2401;4448
204;3923
8921;4132
5872;2682
1554;6656
8939;9739
4813;2494
9495;7781
3218;275
7399;6553
977;7008
9034;184
4609;5989
6561;3786
5596;3922
9837;7997
8371;6393
8272;3644
525;4144
6326;2079
7153;5265
1819;1966
7760;7666
9747;978
4294;7147
3883;5271
507;2917
5455;1468
5259;8369
5254;855
2291;1444
5204;7014
7837;9829
658;4715
3973;6984
6794;7478
8602;4965
5796;6362
8984;1896
3692;3278
9043;7576
4901;5902
6845;6708
7370;2104
5077;2625
9311;3721
421;868
7087;8258
697;7746
2973;1022
1082;6120
4853;9684
7437;649
2398;6421
2545;6091
6051;7940
19;952
3842;6864
7661;7565
5321;9090
190;984
9163;611
1852;6251
5221;8901
3997;4547
6276;1431
7019;1129
7468;4456
1778;9866
7230;4324
2309;3281
2264;8680
586;2459
1897;4599
24;7218
3689;6566
8202;2853
3529;6407
5456;5102
1660;5805
9649;7936
7236;6668
9065;4704
7477;844
923;4707
1520;9584
4340;136
8265;4926
8947;162
9525;8971
3732;9567
1889;8286
8772;1770
1045;4228
6873;2706
6385;2874
642;3621
5895;6060
4678;3372
3256;1953
4431;4776
1537;5123
1264;6154
6402;212
6316;2279
5535;48
1846;3777
8335;6970
5547;9380
7550;2420
8438;3935
1647;9081
3909;7542
5141;4939
914;4749
3244;1697
9525;4781
6820;7141
936;3222
3705;3604
5502;9241
5;3700
3018;4692
7023;8565
424;4573
7338;8863
4861;8985
4296;5122
6527;5789
61;3793
538;9657
1842;63
4438;8662
3556;1726
8237;7262
1683;91
6503;1688
143;5873
6380;7166
790;6804
8092;8128
5667;9305
3465;9963
4427;6344
2104;840
6489;2642
497;8331
9057;1287
3346;2614
9366;7935
9876;1049
8026;2731
9089;4521
4956;5469
8040;5746
8625;2484
227;645
1789;3692
6960;2568
6389;9065
3408;2878
1707;257
1210;765
7896;908
9731;7262
8843;5959
4663;3221
8690;104
7742;3646
1925;2134
5744;551
4618;5971
7548;2759
6016;4508
5327;8757
9925;5087
1635;7985
1696;9197
8750;9593
105;4833
3207;5300
792;4223
8521;9482
4327;2616
9480;6253
4750;1576
3156;9369
7548;704
8480;9916
1564;3808
8673;7842
5247;6660
5827;6944
2210;929
2889;8667
5762;6096
3968;6554
319;2489
6036;999
5105;1868
7252;6208
3444;6760
1929;7344
3816;409
3612;5380
569;8637
3222;5817
1650;9049
2761;3860
9978;2002
8879;5740
8098;2847
8646;4770
1689;1034
2121;3146
2902;5725
9354;2699
2485;1283
6395;6301
8045;8
8033;8614
4997;1256
4431;6647
6657;3544
507;2988
5546;9387
5080;9997
8586;3727
1119;275
4761;3240
9774;4016
8965;9128
6715;1450
6764;9462
4103;4809
9470;2136
9775;4468
9744;4207
1115;6402
4103;7975
9390;9650
3714;822
9647;2300
4549;766
8928;5663
358;8702
9679;9323
4182;2746
7125;7298
2208;1228
8459;1679
3364;8235
2499;3109
8794;9966
5863;2897
7941;1605
2547;8007
2427;8546
308;3329
5664;5588
8992;6022
642;5023
1697;4824
7769;8822
8475;9977
6402;6934
8008;6119
1521;507
5580;315
6826;1443
9565;1119
9400;2112
9127;8179
7011;5787
1508;9027
1375;6852
1402;2017
1875;3099
3193;9644
8274;8020
5974;4676
1307;3982
795;2828
842;6375
9496;4020
4170;9061
5139;3570
7525;4266
1750;4536
6405;9610
9916;7780
6463;1318
6149;8338
4417;5695
4335;2691
3715;309
7368;5022
643;4515
4203;7837
7243;51
1857;1413
9112;3349
1336;2989
7615;3086
3878;373
9048;3794
8153;5511
5112;655
202;9529
2702;4537
8573;6417
1198;2293
7792;8193
6808;8347
2383;4051
8398;4240
1817;3862
3941;3153
6851;1557
2591;729
1930;1639
875;6435
7151;5987
3442;3705
1869;6144
4594;442
8914;2144
2735;6706
337;5895
1405;9072
6299;9803
9665;4468
17;3606
7621;3220
5163;6564
3950;3445
8203;1177
6233;1706
7165;9675
5411;9034
2172;6357
5828;1086
8501;4915
4144;5191
810;5549
4263;3461
1704;3928
7929;8073
7535;1902
1293;9050
8466;1595
8848;3022
2773;5081
4728;9938
1108;6492
5324;9632
2849;1152
718;7703
6067;1214
2894;3229
6763;7157
6691;4819
1086;4620
2892;8621
6523;4186
4023;1341
5781;2871
4363;8554
4304;5444
4844;5413
1936;168
5045;1137
7672;2116
8840;3739
3330;8086
6969;6446
5244;12
1265;2682
984;510
7655;3859
4696;1678
5201;6829
4550;9564
1736;8854
5008;2932
619;3296
3101;2017
786;773
485;5978
865;3815
4065;4186
6613;5661
4198;7879
8343;5182
4741;5998
9042;5789
4028;595
2618;8578
159;706
3785;1520
3639;756
1168;3092
9125;1954
3865;9610
4285;1082
9778;4702
5268;6391
363;5818
622;8706
1001;5363
1056;6395
1152;5084
6990;123
15;3501
829;3800
1373;4468
908;2542
3912;34
848;4130
9644;1485
5212;5774
6187;481
2166;6550
2651;9140
1608;3652
4504;2664
6399;2008
7749;9741
2131;4116
9595;9313
4268;968
133;5176
9862;4046
1562;7063
8176;7559
8548;3388
3333;4736
221;5499
1286;9225
992;9247
2877;5496
1911;5629
3856;6012
5370;2340
128;4965
1653;4396
2286;8138
9573;2148
2184;7487
9211;6712
5046;7760
6453;8380
8848;3026
231;6486
2251;1223
5733;1481
3071;7645
7110;6928
9;8832
9268;138
150;7273
886;2436
5411;6811
936;3948
4299;148
660;9345
4260;3465
7725;9460
6492;7957
5946;5095
5532;1680
6576;8604
5677;38
5532;2038
8871;1152
2176;5373
8425;3063
4161;188
9874;5097
4136;4173
1597;1149
3519;5857
4614;7596
1669;7458
1905;7616
2554;7438
5648;9130
6042;7677
5521;7926
9715;744
5430;1892
6117;207
1307;278
395;7533
1727;884
8059;3325
2033;7930
5534;2999
5526;7204
458;7432
1172;9364
1222;6820
4846;3616
849;367
1542;564
1111;3324
8808;3580
3531;6467
210;3926
4001;1938
4810;2060
1615;3195
9990;3501
6195;1868
705;3005
9300;8229
8721;6874
1401;3567
490;2250
287;8384
2815;7750
1708;7975
1331;5239
4443;7893
5518;8444
6183;6680
6856;7798
9876;6846
7652;2423
8714;8357
1780;4367
2939;501
1241;4340
420;8084
6591;707
6468;5758
8458;4529
3733;6141
6120;4528
4034;1638
2972;218
8319;6180
4368;4547
3026;2020
3322;8093
6730;5102
8812;9669
1955;6405
361;2375
4489;3304
3083;7310
9062;7893
1839;9148
4034;7959
3676;4420
5950;3001
4638;621
9181;5359
1520;8560
7379;4842
3005;461
6296;1817
130;8251
8222;6844
626;2712
148;61
22;9211
4306;8213
4711;8340
6172;4739
9113;8474
7740;3751
9095;3274
9110;615
8186;2842
1809;1191
3303;8105
3008;9786
6356;7582
6630;3335
294;6778
9748;6668
2341;4055
4881;7052
8747;7406
1792;7860
2232;5884
7964;1328
5510;3426
8295;48
6268;6457
1239;5924
4562;599
5710;7271
8182;8692
606;4828
5470;6706
7849;7812
7113;9082
1216;5861
6488;9360
73;8721
1597;4389
6401;7107
7816;1048
7156;436
3857;4747
6360;8420
1699;8422
5691;6233
7114;2649
1061;8937
5707;5262
6749;2821
4345;4317
5034;7185
3678;5107
5906;5275
9497;8659
8734;3665
6060;2242
453;9917
3342;6814
4689;5041
1588;6732
1274;8703
9381;8687
3992;1441
3950;741
4262;8295
1410;9296
5480;5088
4403;7739
6715;252
2750;1802
269;8810
4044;723
5080;3738
3889;9769
8779;5477
6502;6405
532;2235
5093;876
3676;5395
1617;4290
42;9380
3586;1874
820;4342
5965;3888
946;8716
5690;1216
3878;6086
8291;8958
9825;2180
5080;4956
4009;7934
1362;894
6521;6455
1770;6550
8202;9740
840;8244
5472;4427
118;6292
5121;2436
180;6067
1152;5870
3635;1382
8309;1926
6693;8134
458;1773
3090;820
6059;4452
8066;2580
7259;9836
9130;1813
5928;9971
57;1400
750;6528
7693;5871
8964;4225
1938;6468
96;5574
7850;4757
3852;4543
2891;663
2668;2333
1483;8727
3138;9549
1308;6749
5737;438
8563;1666
6761;4972
9418;7511
7852;7111
9734;3168
7689;1673
9636;7785
3599;3839
2542;3803
4734;1785
4466;7403
4118;5949
2482;3608
1850;142
358;7588
6933;8921
5606;3694
245;5024
7558;8098
8488;7292
1266;6177
5317;7255
314;8916
7446;9208
9072;2180
993;3538
5935;1463
5840;8418
1424;7690
8560;1782
1630;5493
7055;7236
5540;7300
8613;3098
5398;7101
390;3017
3278;5708
272;9944
976;7718
9152;48
9898;6497
9939;2186
4312;5779
604;5736
9821;5516
7518;7804
7362;4573
5040;2902
8226;5
2352;3624
7106;2742
6641;6736
4802;3265
6680;2131
983;2184
2179;7234
8681;2118
9420;2994
4249;6376
8730;4071
8244;2601
1875;5606
3526;3267
4860;1752
3273;7212
1729;6731
6307;4722
9820;7461
7988;6500
9592;5323
8685;8124
2557;3718
6594;8329
6712;844
1057;1795
1267;5654
4396;9494
7612;7922
9113;2473
6027;8738
6037;7756
5470;8696
2478;1642
6158;6818
4494;5750
2142;9531
226;1051
3250;6821
5733;9962
4017;3142
8109;5284
8796;2505
1130;6409
6780;243
5234;2807
5334;1271
6915;804
9968;5745
8798;2478
8916;3292
4580;1058
2824;4807
8461;6074
1628;4194
2388;1997
3689;498
7281;2485
9355;4763
8894;6135
1358;4128
5294;6692
1752;8561
3848;8072
659;2646
550;9575
5939;5130
6985;8763
9937;5446
1189;7917
5993;9929
9914;9682
427;3547
8519;6135
8310;3766
2270;6021
7894;3917
2713;5998
8830;6562
4070;9489
9208;4620
9064;1499
6103;2401
6614;2392
4200;7803
310;6545
7733;6576
6227;4512
6476;1098
6999;1138
4864;9270
7159;9111
9539;9873
5109;8369
6435;5532
7859;1995
6504;3275
3495;2607
5677;109
1352;9877
7913;1662
6422;1998
4590;9001
2862;1066
6451;9862
2205;1316
5484;9364
427;1375
9237;1888
9744;2024
3772;3955
4020;277
3583;7515
9236;9260
7624;588
5489;1889
8602;8263
239;3193
3616;9454
611;6419
9316;2816
7735;1152
8533;4514
2527;4122
2755;2271
6147;6527
2579;6519
3156;6162
4034;8745
1774;8010
9333;3615
6252;4288
8230;6491
3833;8198
5945;4444
4617;1613
7261;8705
2765;5794
3219;5292
6268;5974
3916;2415
8854;2847
8934;2010
5361;9320
7107;7135
3683;2793
7102;9935
7081;5332
6426;914
3530;8724
1710;4499
337;8971
3204;9455
1117;6424
1099;7386
8750;1367
6153;3956
4214;1440
2319;9575
7112;9426
3062;795
2219;164
730;9300
1848;3509
6566;1730
8585;8277
6230;5274
3600;9434
4729;1070
2210;5829
4808;7313
3548;7313
1269;4115
8753;3588
42;2218
9367;3105
3013;1586
9621;96
7239;1470
9957;3805
3200;8542
8434;5782
3816;8387
1569;4898
9457;131
7079;617
7444;627
7930;5066
4742;3036
5006;4785
5254;4373
4242;8267
2312;3863
4715;9551
1685;4672
9708;4886
3214;4495
7020;3383
2882;8589
8281;8691
5073;5360
9308;8869
2339;3590
287;7082
6626;5294
8219;8232
6019;2461
6500;4683
6324;7567
586;8010
2240;295
9248;1806
1142;2620
5189;376
7562;9822
9067;2635
5182;4727
1504;7522
8317;1792
956;1296
3438;9175
9528;5809
1636;2380
493;4312
9948;1079
8674;8540
7726;4274
346;8868
6895;5536
5596;809
5358;4663
3444;6893
5742;1300
4415;412
9444;1723
1708;2882
898;7588
5044;8886
6321;1889
3198;2621
2968;8225
1161;7047
2499;1507
2267;5746
3395;7864
6555;5106
8879;6351
1999;4622
7652;2766
5034;7096
4489;3094
6331;1739
7034;7727
625;3355
9616;175
5976;2584
4752;7137
5983;7252
4997;8251
9350;8392
2467;2258
3498;1346
8609;1849
5968;2613
4615;1002
6062;5456
448;8745
7195;7483
6472;4172
838;6088
4348;3167
5024;9100
6656;1008
2704;1653
5611;8407
46;8078
665;9896
9424;9274
1746;5393
8240;2713
2747;4302
8170;3196
3047;5365
7031;9519
9538;4221
5607;238
7388;6983
5690;4045
7991;8395
2050;9954
6802;2096
8032;3819
8345;3809
9445;91
9202;7685
9156;8301
1987;7326
7849;5034
9044;4880
905;4934
9102;2864
5172;2842
9848;862
6887;4191
5609;8938
4146;8763
7386;8530
2582;2083
2339;2028
8526;7893
6065;7683
6195;8053
5009;396
9439;405
5277;6697
5339;731
9561;6863
3573;5761
4078;6813
9953;9687
2103;451
4803;5841
8981;7385
7925;1321
5765;2803
5566;1831
486;1761
6236;1848
8510;5675
2253;3787
2372;3945
870;8286
7160;4443
4047;1238
7608;352
7278;6063
803;2081
1905;6137
9466;6182
7458;1584
8985;9376
9767;5824
1138;6003
7672;9648
8030;6277
9787;6755
6574;657
5041;3735
1452;5440
4973;5413
5793;2251
1476;6596
4332;9733
2733;151
5915;6543
8087;1253
5920;7854
7077;3410
3857;1101
9410;1887
3730;5549
8642;6657
2558;35
392;362
5476;1717
5775;1269
321;3604
4217;1005
3337;3303
7508;5605
9846;5595
6858;2118
3449;287
1880;3658
7740;7642
5546;1470
3191;540
4479;2101
576;4871
2464;2404
2941;4591
3673;3262
8195;7890
4267;7885
1193;1776
3490;7392
3723;6700
5862;7173
3339;7743
7183;1079
5385;2729
8901;4929
9622;3381
7030;6550
4604;9494
8954;7545
4086;8979
7159;8633
3221;7779
2870;4415
5907;6360
8159;9630
9412;4021
3155;2751
8116;339
182;3502
9420;9084
8431;9042
8817;5461
1944;3421
1308;898
7319;1746
9877;830
6731;3099
8609;9602
3866;868
5962;8377
499;1727
2398;6
4478;6867
6697;4661
369;6118
97;5152
1512;8914
6965;3457
8687;8273
707;2358
19;585
3189;6751
36;8150
6353;3902
9019;8667
8631;5870
6746;7381
2228;7577
4248;8926
2238;969
5044;8687
6121;2908
3953;3087
6365;2640
1360;7073
1351;7732
4010;4540
835;4046
9042;3540
4300;8061
8559;2931
283;5306
312;2512
2883;4561
1438;1473
1882;2834
160;8004
5742;465
7443;8460
3105;8803
5533;4456
2887;5895
5348;74
9941;4391
3614;593
8804;2174
3524;5440
7480;188
7952;6715
1101;5742
8188;2984
8576;4700
988;670
5165;8431
9130;4622
3586;1015
5431;2826
6910;779
2900;3203
1522;2867
3796;6679
5041;7320
2119;8873
3861;6423
5588;4962
2165;128
4298;7093
4828;5286
4115;9993
69;3246
4615;8
613;46
9186;7524
7178;2086
727;8700
4953;876
1731;6346
8196;3850
1571;8409
273;7159
3372;8790
7287;7670
2235;2115
9309;6351
8460;5730
5949;3076
5738;6562
9474;4924
438;6652
3363;1166
1705;4668
2042;3436
1015;6590
3639;2586
5000;264
6098;4724
9055;9737
8746;1290
8205;4407
3993;6665
138;9942
6093;2228
6505;5568
3505;6943
8572;3220
4461;277
7888;2855
66;5255
5798;57
4194;798
321;6644
1874;5728
6381;6972
7019;938
1380;7364
7604;7870
7307;49
6450;164
1969;6307
7107;542
5879;7921
7171;3768
776;3589
5375;6574
3646;5921
3724;3968
2565;1950
9696;5299
8923;3067
6237;6655
432;193
877;4091
6595;3679
4255;8564
9987;7714
9106;5866
5635;2630
5986;2764
6219;7714
9338;9866
9987;9415
186;2553
1365;6234
4204;6640
9302;6793
9647;6086
3339;6876
177;9934
556;784
8498;6895
8498;3957
9113;486
2939;1452
3250;9158
9166;8940
5376;9153
8355;5562
8058;6073
1797;8614
9065;7451
5408;8713
3537;5099
5589;66
5033;2497
850;9883
9392;9348
192;8506
9834;3131
9958;9436
8642;5476
8377;4018
981;3084
5933;5392
9157;7730
4006;4575
1533;5766
3288;5070
7217;5229
1488;2250
7727;2338
8486;3471
8038;5030
8329;4225
8162;4639
3661;3156
115;2038
7174;7449
5123;9459
2841;632
3541;3199
5207;5074
5318;4847
6496;2535
6429;7984
1138;508
6674;5976
3979;4713
1006;2309
8938;5520
6948;8951
8676;3416
990;2203
7217;2465
1662;6410
9449;5204
9609;1009
6630;1279
5856;3127
3815;8637
7463;1305
9145;4138
7281;9477
5203;8287
1786;4141
3808;5086
3092;8836
4854;434
1039;2071
9251;9054
4833;8701
610;795
9710;7240
2074;1918
367;2241
556;7831
3546;6053
8321;827
5530;3524
9115;3668
4017;9275
5107;3461
8111;9961
3896;5503
8385;3147
4557;3218
8200;5167
365;7910
2407;2440
9829;9127
1033;6737
3310;4580
9142;7983
5407;4673
1507;874
8341;5524
6501;9800
5337;965
9762;9233
6468;4499
8733;7377
4069;6933
8896;4435
1196;7655
3227;7377
3134;4260
4114;6444
8840;3256
779;600
4281;2286
7826;8975
4162;4328
8775;9500
1645;4889
5085;4465
9388;170
1842;3458
7104;7090
4245;8300
4745;7472
5677;4232
8084;6143
7028;6925
5751;7808
3877;33
94;1703
5360;609
2383;4135
6461;380
9025;7898
4845;4765
8069;3039
4575;5173
129;8820
9825;1227
2644;1854
5459;729
4349;8839
4006;100
6647;7883
6485;3094
5938;1845
3703;4674
2333;6516
5054;7710
4414;6252
2475;2483
9291;7051
4008;5773
2223;3833
3352;1220
2039;5163
1949;6388
4002;2307
6489;650
190;9326
3744;2480
7524;3799
3506;9857
315;4913
7567;1081
1165;42
9917;6808
3445;3925
2581;2021
4111;5933
3241;6150
1096;5190
8891;1451
7497;1732
2101;4039
1058;2197
2871;8582
5996;6378
4791;2663
1291;2358
96;8808
8753;13
5616;8550
3939;8198
571;4402
483;3812
6904;7932
5354;5795
9383;9203
7527;7836
9594;8586
33;2466
3520;2381
5196;8312
1396;6487
7022;1492
1647;2127
7858;7263
678;1797
5461;1249
2551;2297
5062;9455
229;6768
5251;5964
5972;2778
3800;5566
7716;3833
8032;7589
2566;9580
2253;3962
6067;9275
1806;4066
7755;9664
1330;8433
7813;3143
9682;364
5440;1096
9820;2021
4217;1423
7985;189
553;8137
5755;4622
8322;140
2211;888
