1000
393;13
873;630
279;331
195;22
426;1
824;668
921;291
316;381
709;207
646;993
926;365
699;991
976;878
116;148
255;372
485;648
385;358
631;17
689;826
39;116
180;215
784;101
507;452
834;568
11;480
913;289
198;613
281;174
843;397
674;451
769;159
99;507
869;82
524;559
909;563
27;441
779;163
542;638
615;728
558;626
560;471
916;758
84;549
284;280
946;958
731;68
469;182
575;339
265;99
898;174
14;925
967;145
88;509
135;55
589;693
33;149
165;949
908;601
850;192
881;797
503;612
865;972
147;792
311;412
891;561
938;257
838;905
403;278
766;538
333;355
584;367
504;101
668;764
702;519
309;936
668;812
900;885
136;47
677;800
459;568
361;397
177;552
654;580
830;420
471;516
775;55
235;632
156;903
396;210
774;57
498;794
221;399
679;358
798;356
510;610
276;871
359;454
775;14
386;606
434;209
474;562
264;709
194;772
964;942
335;739
0;833
885;573
584;565
931;383
273;441
993;550
665;704
356;792
718;94
398;153
304;872
67;568
933;261
693;898
203;28
989;555
861;874
129;798
439;412
181;65
206;526
615;223
582;323
15;301
417;766
806;721
990;873
642;924
134;335
822;689
715;163
597;928
37;726
726;829
490;259
894;696
137;861
271;720
184;287
21;953
53;827
675;43
52;669
319;538
356;493
227;71
656;176
999;694
902;78
875;745
337;769
793;827
982;65
547;166
352;920
471;757
99;498
152;151
167;472
689;523
965;268
946;974
445;298
20;699
376;895
444;65
16;238
892;998
655;791
516;359
711;987
116;810
486;620
961;5
92;2
529;410
271;827
384;716
477;404
767;853
651;212
271;667
802;515
665;809
307;533
168;18
520;636
829;358
256;142
364;701
145;245
111;416
72;847
484;550
603;251
755;606
815;378
273;969
894;290
778;201
823;946
571;695
582;752
54;191
895;418
892;392
663;355
808;87
554;644
637;157
247;745
115;63
123;388
32;17
30;163
570;205
461;494
900;396
246;954
587;493
724;479
885;387
186;45
475;740
41;464
249;289
209;364
704;685
104;88
54;134
251;977
691;713
471;591
109;69
898;696
915;622
527;152
362;65
550;189
805;591
653;406
232;215
770;936
900;226
25;954
712;628
283;403
341;754
346;450
176;244
498;91
219;377
595;581
442;145
770;599
89;775
5;321
990;127
610;242
353;635
549;65
263;832
468;957
939;815
759;115
411;610
558;630
987;153
563;782
651;685
381;740
461;739
413;803
866;23
398;572
10;947
637;626
131;458
583;70
625;342
537;36
304;95
19;292
601;934
426;252
620;159
344;433
898;757
236;765
781;634
689;143
933;326
769;65
136;352
487;761
47;25
150;351
472;521
995;425
455;421
677;427
581;373
860;831
131;449
948;264
435;637
407;721
964;529
786;100
233;273
214;280
650;364
984;123
885;331
548;692
753;578
120;686
303;332
517;434
781;466
50;569
103;810
290;419
339;428
872;572
53;86
205;704
802;189
179;687
520;79
731;625
9;851
663;313
184;533
99;317
351;150
886;454
960;528
226;651
956;98
223;10
536;780
66;338
969;245
377;842
324;108
819;686
312;835
999;496
368;98
165;719
600;404
525;912
932;751
563;889
201;139
251;89
919;317
779;241
562;156
83;238
617;254
924;929
89;275
777;809
374;942
528;974
698;54
239;631
157;802
520;711
293;771
152;213
88;932
454;2
88;889
592;57
495;869
986;937
144;115
746;518
410;627
845;108
33;84
739;190
238;611
253;532
734;406
97;174
338;551
176;778
792;121
836;287
990;174
224;134
642;323
5;52
950;202
512;983
638;604
525;876
215;131
760;302
537;857
476;227
760;5
357;904
126;545
544;468
72;120
602;714
443;607
118;393
161;630
728;799
234;254
28;802
385;788
456;274
998;284
853;110
289;210
15;767
756;559
235;828
679;190
894;475
149;12
220;311
994;949
110;581
555;138
735;292
279;191
918;629
475;771
91;117
333;106
236;89
17;824
269;49
14;163
876;515
527;96
826;522
45;289
103;952
779;838
596;58
381;514
39;856
637;131
325;971
589;562
60;959
386;682
8;752
197;884
267;725
332;446
599;730
735;702
682;514
892;279
925;273
145;316
481;783
447;807
754;37
721;166
348;107
848;356
211;398
592;478
123;924
924;74
654;11
776;689
878;20
320;803
645;465
119;126
248;919
285;2
308;6
521;656
465;369
364;28
119;956
859;594
232;135
668;239
147;796
280;25
816;600
180;813
65;299
940;666
218;577
668;878
936;189
534;753
911;898
782;30
206;641
977;791
776;645
382;275
442;662
300;610
262;832
424;679
132;716
345;702
293;366
581;581
555;467
335;818
718;469
201;924
462;178
67;238
823;449
866;617
111;518
228;725
351;4
405;835
720;750
537;365
116;470
947;24
290;634
194;8
103;395
284;565
925;352
155;101
153;21
718;617
892;298
694;243
302;99
78;374
202;967
740;670
790;687
46;80
673;241
440;776
988;724
693;914
428;848
15;582
222;85
551;114
384;245
357;686
345;787
61;899
754;153
921;896
192;968
976;865
561;416
993;549
493;686
815;921
534;830
855;108
916;406
222;652
652;931
338;349
718;751
600;825
904;521
721;96
489;50
313;402
818;306
952;311
992;767
233;879
950;88
987;218
847;210
870;499
493;560
200;564
664;800
389;920
321;462
17;163
864;682
565;683
989;869
346;333
989;931
212;291
20;200
509;219
762;731
718;255
643;918
819;307
70;560
228;391
375;597
906;239
279;472
922;620
341;269
954;682
200;166
973;572
718;834
791;480
565;861
88;209
131;259
868;201
172;96
945;547
45;851
786;325
323;61
945;17
330;251
51;882
418;25
807;488
859;950
321;777
812;409
986;295
20;206
849;192
303;794
739;348
645;878
25;321
939;323
690;269
574;741
503;344
118;310
833;330
261;154
107;425
915;445
72;287
651;921
832;306
67;571
655;65
801;680
738;740
355;428
361;930
521;865
626;992
527;459
322;140
965;429
917;232
874;990
520;877
263;352
184;683
275;839
748;429
871;486
169;579
266;531
509;139
748;487
131;275
947;453
768;264
234;685
849;460
27;721
338;643
425;522
326;700
713;426
129;936
912;651
515;530
182;376
21;282
864;505
909;163
958;677
427;545
363;628
5;742
349;695
385;774
217;711
827;282
137;308
219;401
959;734
283;493
111;305
775;327
810;685
490;120
362;269
665;77
898;23
820;247
718;557
22;288
269;201
570;758
509;789
512;469
876;795
314;987
100;442
666;262
127;156
735;841
425;752
271;675
775;443
923;846
0;297
134;621
498;704
380;359
494;892
180;722
687;495
709;140
937;375
754;416
883;489
609;660
242;880
336;369
323;611
215;324
908;349
945;758
406;677
117;252
569;650
974;609
145;35
101;434
762;207
202;645
697;811
305;291
692;641
660;15
252;876
691;512
577;637
622;983
314;92
235;236
742;561
845;239
596;298
25;358
505;227
3;554
38;661
845;82
654;506
98;259
734;141
123;663
130;746
999;445
838;586
33;932
148;230
523;744
528;548
455;385
127;810
940;165
471;785
600;478
643;50
737;729
191;212
745;322
958;744
119;148
330;152
432;830
734;955
927;262
855;382
999;982
192;939
500;16
77;100
846;72
150;935
154;341
147;899
15;458
643;134
606;325
638;391
508;372
346;435
986;202
817;986
184;361
277;36
729;354
136;575
779;286
510;933
980;658
832;995
116;827
130;74
504;120
465;12
493;164
799;831
366;968
817;902
330;447
939;411
153;427
987;932
714;849
217;694
859;401
689;975
580;171
402;85
292;219
449;137
383;601
968;749
569;138
4;251
585;295
663;738
722;650
23;788
851;240
482;711
642;524
686;222
47;440
659;691
660;461
828;43
62;149
145;631
287;501
883;872
796;898
962;870
900;985
659;751
226;493
462;220
369;501
442;769
941;454
460;953
915;641
997;977
790;494
960;77
995;195
301;143
93;263
13;993
249;24
97;827
870;559
47;239
60;489
8;2
295;469
955;210
462;304
539;252
798;500
329;145
47;982
288;493
245;654
838;846
30;935
673;900
495;720
140;555
562;500
909;857
321;217
420;783
873;959
35;24
811;716
169;211
698;810
704;296
816;894
142;846
830;816
99;677
888;591
584;802
91;846
12;413
63;784
548;288
743;936
312;907
652;834
118;703
996;822
999;164
716;141
362;898
309;461
575;550
52;160
704;496
358;68
261;421
852;809
61;596
745;726
503;750
912;621
453;908
795;452
424;863
945;786
114;607
600;689
509;652
201;213
500;559
282;761
332;134
571;746
82;668
472;585
418;384
558;223
644;705
27;68
921;325
206;35
932;806
724;441
811;278
6;311
189;288
425;874
775;348
620;857
16;92
795;787
828;353
10;824
411;390
244;332
715;450
367;999
609;443
440;772
721;798
435;263
87;860
137;214
208;757
71;577
201;866
364;381
572;726
205;983
468;449
315;183
899;34
182;860
477;974
